Test Results: 

Accuracy: 0.9248263888888889
Precision: 0.8791942604856512
Recall: 0.9749694002447981
F1: 0.9246082414393499
Cohen Kappa: 0.8500493005731693
