Test Results: 

Accuracy: 0.7652199074074074
Precision: 0.7808787674430668
Recall: 0.7946470991923138
F1: 0.7877027734170592
Cohen Kappa: 0.5251586297384931
