Test Results: 

Accuracy: 0.7262731481481481
Precision: 0.8938916314756439
Recall: 0.6619246861924686
F1: 0.7606154157599069
Cohen Kappa: 0.4571521198146161
