Test Results: 

Accuracy: 0.9392650462962963
Precision: 0.9235037816507727
Recall: 0.9895177273728254
F1: 0.9553717602534391
Cohen Kappa: 0.8606917265510077
