Test Results: 

Accuracy: 0.9523148148148148
Precision: 0.9156981593727409
Recall: 0.9920477137176938
F1: 0.9523451506564108
Cohen Kappa: 0.9047822922395644
