Test Results: 

Accuracy: 0.9349902322552637
Precision: 0.9020382695507487
Recall: 0.9713325867861142
F1: 0.9354038606707646
Cohen Kappa: 0.8701550760549421
