Test Results: 

Accuracy: 0.9434027777777778
Precision: 0.9230863341625546
Recall: 0.9969169786390663
F1: 0.958582136958455
Cohen Kappa: 0.8696583193534452
