Test Results: 

Accuracy: 0.8630787037037037
Precision: 0.8068667674368387
Recall: 0.9862746133136251
F1: 0.8875956102427668
Cohen Kappa: 0.7168941995031477
