Test Results: 

Accuracy: 0.7922164351851851
Precision: 0.73435341077734
Recall: 0.8782129742962056
F1: 0.799866224464201
Cohen Kappa: 0.5873698564669354
