Test Results: 

Accuracy: 0.7046875
Precision: 0.6732912848585823
Recall: 0.8960038008763132
F1: 0.7688439934770792
Cohen Kappa: 0.3820883924719015
