Test Results: 

Accuracy: 0.9439814814814815
Precision: 0.9231835038102613
Recall: 0.9977537987227483
F1: 0.959021251375836
Cohen Kappa: 0.8709424574825102
