Test Results: 

Accuracy: 0.7230902777777778
Precision: 0.8753704445334402
Recall: 0.5769413503668901
F1: 0.6954944635357007
Cohen Kappa: 0.4605856425765019
