Test Results: 

Accuracy: 0.9487268518518519
Precision: 0.916699454780507
Recall: 0.9825290680161456
F1: 0.9484733934283222
Cohen Kappa: 0.8975730735615404
