Test Results: 

Accuracy: 0.7824074074074074
Precision: 0.8986620864219852
Recall: 0.6083843329253366
F1: 0.725567476826509
Cohen Kappa: 0.5561261987389526
