Test Results: 

Accuracy: 0.9466724537037037
Precision: 0.9082558654271802
Recall: 0.9888547502861618
F1: 0.9468431830636556
Cohen Kappa: 0.8935372089043445
