Test Results: 

Accuracy: 0.9524594907407408
Precision: 0.911014620204463
Recall: 0.9985541297668534
F1: 0.9527778576150376
Cohen Kappa: 0.9051167673705501
