Test Results: 

Accuracy: 0.7994791666666666
Precision: 0.9431989449886963
Recall: 0.6127906976744186
F1: 0.7429143789879804
Cohen Kappa: 0.5903647824490214
