Test Results: 

Accuracy: 0.9448784722222222
Precision: 0.9039920818211812
Recall: 0.990421109705404
F1: 0.9452350150927125
Cohen Kappa: 0.8899842670523634
