Test Results: 

Accuracy: 0.8622395833333333
Precision: 0.805936664078005
Recall: 0.9861162434672438
F1: 0.8869684955247977
Cohen Kappa: 0.7151214633707605
