Test Results: 

Accuracy: 0.7138020833333333
Precision: 0.9922218960962724
Recall: 0.4073136935959998
F1: 0.5775423909793705
Cohen Kappa: 0.4136073628772756
