Test Results: 

Accuracy: 0.6320023148148148
Precision: 0.8955247524752475
Recall: 0.49795199295309406
F1: 0.6400226436456269
Cohen Kappa: 0.32139621590772505
