Test Results: 

Accuracy: 0.764525462962963
Precision: 0.667936117936118
Recall: 0.9982252141982864
F1: 0.8003434739941119
Cohen Kappa: 0.5394037535619534
