Test Results: 

Accuracy: 0.9190104166666667
Precision: 0.9118419481914767
Recall: 0.9203566479908428
F1: 0.9160795130872785
Cohen Kappa: 0.8378262857487278
