Test Results: 

Accuracy: 0.7478587962962963
Precision: 0.7872830421839015
Recall: 0.7399039222931953
F1: 0.7628585424263865
Cohen Kappa: 0.49424444206412643
