Test Results: 

Accuracy: 0.7945023148148148
Precision: 0.94422004231583
Recall: 0.6008567931456549
F1: 0.7343855187373777
Cohen Kappa: 0.5799033113143179
