Test Results: 

Accuracy: 0.8265625
Precision: 0.9199545380743627
Recall: 0.6935128518971848
F1: 0.7908437434573243
Cohen Kappa: 0.6476206300922125
