Test Results: 

Accuracy: 0.7341145833333333
Precision: 0.897852453544008
Recall: 0.4938188494492044
F1: 0.6371856121925218
Cohen Kappa: 0.4539742336890771
