Test Results: 

Accuracy: 0.9484085648148148
Precision: 0.9098251825625139
Recall: 0.9907825772636906
F1: 0.9485796683489546
Cohen Kappa: 0.8970041085312708
