Test Results: 

Accuracy: 0.9465277777777777
Precision: 0.9030548117383463
Recall: 0.9955419001144648
F1: 0.9470456759699696
Cohen Kappa: 0.8933035168668316
