Test Results: 

Accuracy: 0.9290219907407408
Precision: 0.9098389152856646
Recall: 0.9459606000361468
F1: 0.9275482175030274
Cohen Kappa: 0.8580368585639273
