Test Results: 

Accuracy: 0.6968460648148148
Precision: 0.6686454183266932
Recall: 0.8859737106055007
F1: 0.7621188384079195
Cohen Kappa: 0.3660835843250626
