Test Results: 

Accuracy: 0.941869212962963
Precision: 0.9190491617396939
Recall: 0.9995595683770094
F1: 0.9576151395599062
Cohen Kappa: 0.8656402871070985
