Test Results: 

Accuracy: 0.9426215277777777
Precision: 0.9246659562259202
Recall: 0.9936137414666373
F1: 0.9579007706515509
Cohen Kappa: 0.8681982781583044
