Test Results: 

Accuracy: 0.8458333333333333
Precision: 0.8010969083108497
Recall: 0.956131552552394
F1: 0.8717751251443975
Cohen Kappa: 0.6822357137174881
