Test Results: 

Accuracy: 0.7925347222222222
Precision: 0.8966262975778547
Recall: 0.6343329253365974
F1: 0.7430107526881722
Cohen Kappa: 0.5774608691856261
