Test Results: 

Accuracy: 0.9332175925925926
Precision: 0.8858469679788326
Recall: 0.9883125489487319
F1: 0.9342787174668261
Cohen Kappa: 0.866811540054385
