Test Results: 

Accuracy: 0.9342881944444444
Precision: 0.9101894973502489
Recall: 0.9985025324818322
F1: 0.9523029424736942
Cohen Kappa: 0.8474324936386274
