Test Results: 

Accuracy: 0.8517650462962963
Precision: 0.8030435926673098
Recall: 0.9666367523623502
F1: 0.877278716013894
Cohen Kappa: 0.6941231658529305
