Test Results: 

Accuracy: 0.9423611111111111
Precision: 0.9209446002520018
Recall: 0.9979299713719445
F1: 0.957892956793777
Cohen Kappa: 0.8670312882520211
