Test Results: 

Accuracy: 0.9316840277777778
Precision: 0.9237627062156307
Recall: 0.9766130808192028
F1: 0.9494529962105804
Cohen Kappa: 0.8443538415699332
