Test Results: 

Accuracy: 0.7262442129629629
Precision: 0.8433516801853997
Recall: 0.614738953703215
F1: 0.7111233244786419
Cohen Kappa: 0.46287470750955495
