Test Results: 

Accuracy: 0.8508101851851851
Precision: 0.9202615361491057
Recall: 0.7493880048959608
F1: 0.8260810901976657
Cohen Kappa: 0.6978402568462001
