Test Results: 

Accuracy: 0.9472511574074074
Precision: 0.922267946959305
Recall: 0.9721067534188806
F1: 0.9465317495233905
Cohen Kappa: 0.8945542596565205
