Test Results: 

Accuracy: 0.8654513888888888
Precision: 0.9441677198721284
Recall: 0.7651063317067294
F1: 0.8452579034941764
Cohen Kappa: 0.7285321497994544
