Test Results: 

Accuracy: 0.9425925925925925
Precision: 0.9224809362639155
Recall: 0.9963444175291786
F1: 0.9579910222749217
Cohen Kappa: 0.8677869556184051
