Test Results: 

Accuracy: 0.7686631944444444
Precision: 0.8095803642121931
Recall: 0.7556881169825266
F1: 0.7817064846416383
Cohen Kappa: 0.5362881937781103
