Test Results: 

Accuracy: 0.9367766203703703
Precision: 0.9197005645095312
Recall: 0.9902224179696102
F1: 0.9536595194163432
Cohen Kappa: 0.8546265759828218
