Test Results: 

Accuracy: 0.8791666666666667
Precision: 0.884255749305029
Recall: 0.8565483476132191
F1: 0.8701815468788858
Cohen Kappa: 0.7572236132721505
