Test Results: 

Accuracy: 0.7643229166666666
Precision: 0.7661703805955433
Recall: 0.8204085942036636
F1: 0.7923624034466056
Cohen Kappa: 0.5206257401923227
