Test Results: 

Accuracy: 0.9419270833333333
Precision: 0.9213419102678935
Recall: 0.996696762827571
F1: 0.957539086466245
Cohen Kappa: 0.8661450275392807
