Test Results: 

Accuracy: 0.9258817145957677
Precision: 0.9033909149072297
Recall: 0.948499776085983
F1: 0.925395958492627
Cohen Kappa: 0.8518439119518746
