Test Results: 

Accuracy: 0.871730324074074
Precision: 0.8456154951955814
Recall: 0.9844968068707333
F1: 0.9097865239422861
Cohen Kappa: 0.692283800039327
