Test Results: 

Accuracy: 0.8638599537037037
Precision: 0.8073834196891192
Recall: 0.9871192524943251
F1: 0.8882502434505856
Cohen Kappa: 0.7185014498305449
