Test Results: 

Accuracy: 0.9340277777777778
Precision: 0.9230354997721718
Recall: 0.9814137855097996
F1: 0.9513298894249242
Cohen Kappa: 0.849266276675142
