Test Results: 

Accuracy: 0.8464409722222223
Precision: 0.8005642743784165
Recall: 0.958665470094494
F1: 0.8725106301198742
Cohen Kappa: 0.683351853082875
