Test Results: 

Accuracy: 0.8632523148148148
Precision: 0.9198542805100182
Recall: 0.8674300814798502
F1: 0.8928733339378003
Cohen Kappa: 0.7043124201120814
