Test Results: 

Accuracy: 0.8652199074074074
Precision: 0.8567676520889324
Recall: 0.8584455324357405
F1: 0.857605771582294
Cohen Kappa: 0.7296670894894985
