Test Results: 

Accuracy: 0.9332754629629629
Precision: 0.9238479331000534
Recall: 0.938430025905175
F1: 0.9310818888224747
Cohen Kappa: 0.8664232807426424
