Test Results: 

Accuracy: 0.9253761574074074
Precision: 0.9106676460985962
Recall: 0.9828231667033693
F1: 0.9453705861170539
Cohen Kappa: 0.8282046596830787
