Test Results: 

Accuracy: 0.9182870370370371
Precision: 0.8927699639660583
Recall: 0.9400856793145654
F1: 0.9158170869850354
Cohen Kappa: 0.8365359943113033
