Test Results: 

Accuracy: 0.9383680555555556
Precision: 0.9160095434510089
Recall: 0.9976657123981502
F1: 0.9550955011173419
Cohen Kappa: 0.8574431786657433
