Test Results: 

Accuracy: 0.8542824074074075
Precision: 0.8007959510317083
Recall: 0.9772475320698939
F1: 0.8802662862577271
Cohen Kappa: 0.6987724133868418
