Test Results: 

Accuracy: 0.9546875
Precision: 0.924014215603317
Recall: 0.9868064341225375
F1: 0.9543786051389617
Cohen Kappa: 0.9094672938283915
