Test Results: 

Accuracy: 0.7775462962962963
Precision: 0.9431468961278426
Recall: 0.5634638922888617
F1: 0.7054631828978623
Cohen Kappa: 0.5443077365092786
