Test Results: 

Accuracy: 0.8518229166666667
Precision: 0.8033002720969016
Recall: 0.9662672227207939
F1: 0.8772795897337583
Cohen Kappa: 0.6942706868841204
