Test Results: 

Accuracy: 0.8103587962962963
Precision: 0.8976109215017065
Recall: 0.6760097919216647
F1: 0.7712071493402222
Cohen Kappa: 0.6146841803787688
