Test Results: 

Accuracy: 0.953125
Precision: 0.9178708921497517
Recall: 0.9910838002289295
F1: 0.9530734024679914
Cohen Kappa: 0.9063872794325765
