Test Results: 

Accuracy: 0.9419849537037037
Precision: 0.9206975042679457
Recall: 0.9976216692358512
F1: 0.9576172659437292
Cohen Kappa: 0.8661663252233546
