Test Results: 

Accuracy: 0.9339699074074074
Precision: 0.9144109411144028
Recall: 0.9923805329222638
F1: 0.9518016305495713
Cohen Kappa: 0.8475519926886119
