Test Results: 

Accuracy: 0.9511284722222222
Precision: 0.9163408913213448
Recall: 0.9884932827278752
F1: 0.9510505723808144
Cohen Kappa: 0.9023962922983361
