Test Results: 

Accuracy: 0.9010127314814815
Precision: 0.8477044854881266
Recall: 0.9677691427194409
F1: 0.9037666319727699
Cohen Kappa: 0.8027766264855964
