Test Results: 

Accuracy: 0.9403356481481482
Precision: 0.9148924025343912
Recall: 0.9656003373697211
F1: 0.9395626941790257
Cohen Kappa: 0.8807363041458813
