Test Results: 

Accuracy: 0.930046659673744
Precision: 0.8985124426525789
Recall: 0.9646268656716418
F1: 0.9303966026056287
Cohen Kappa: 0.86026751499136
