Test Results: 

Accuracy: 0.9286458333333333
Precision: 0.8822881075719167
Recall: 0.9798041615667075
F1: 0.9284927216841616
Cohen Kappa: 0.8576796608718061
