Test Results: 

Accuracy: 0.7544270833333333
Precision: 0.944727602219957
Recall: 0.5104651162790698
F1: 0.6627994755453137
Cohen Kappa: 0.49543055351705256
