Test Results: 

Accuracy: 0.8518229166666667
Precision: 0.864324219003702
Recall: 0.8144430844553243
F1: 0.8386425938179412
Cohen Kappa: 0.7018786411191544
