Test Results: 

Accuracy: 0.9475694444444445
Precision: 0.9053676188387522
Recall: 0.9948189649978915
F1: 0.9479878293817097
Cohen Kappa: 0.8953677351750031
