Test Results: 

Accuracy: 0.7701099537037037
Precision: 0.9766468385106851
Recall: 0.534128561961564
F1: 0.6905791174981502
Cohen Kappa: 0.5314553418987056
