Test Results: 

Accuracy: 0.9530092592592593
Precision: 0.9163191548512649
Recall: 0.9928308934273149
F1: 0.9530418690724034
Cohen Kappa: 0.9061693851920251
