Test Results: 

Accuracy: 0.9354166666666667
Precision: 0.9223849804002475
Recall: 0.9845408500330324
F1: 0.9524499360886238
Cohen Kappa: 0.8521511636988928
