Test Results: 

Accuracy: 0.8630208333333333
Precision: 0.8064265689023076
Recall: 0.9870136725967376
F1: 0.8876281807823776
Cohen Kappa: 0.7167256129644191
