Test Results: 

Accuracy: 0.6397569444444444
Precision: 0.9826302729528535
Recall: 0.2423500611995104
F1: 0.38880706921944036
Cohen Kappa: 0.24815319871085617
