Test Results: 

Accuracy: 0.8672164351851852
Precision: 0.8076032916166638
Recall: 0.994721005120625
F1: 0.8914488468361916
Cohen Kappa: 0.7251695090106631
