Test Results: 

Accuracy: 0.6994502314814814
Precision: 0.9570090588054659
Recall: 0.3814565483476132
F1: 0.5454863694044546
Cohen Kappa: 0.3778114072151644
