Test Results: 

Accuracy: 0.9383101851851852
Precision: 0.914794951409331
Recall: 0.999163179916318
F1: 0.9551195688784101
Cohen Kappa: 0.8570991396401564
