Test Results: 

Accuracy: 0.8804976851851852
Precision: 0.8903951912009208
Recall: 0.8521419828641371
F1: 0.870848708487085
Cohen Kappa: 0.75975351628581
