Test Results: 

Accuracy: 0.862037037037037
Precision: 0.8057724664567065
Recall: 0.9859578736208626
F1: 0.8868049950144818
Cohen Kappa: 0.714700969443149
