Test Results: 

Accuracy: 0.8363715277777778
Precision: 0.783677587213933
Recall: 0.9032435740514075
F1: 0.8392232678474967
Cohen Kappa: 0.6743352006820542
