Test Results: 

Accuracy: 0.9412905092592593
Precision: 0.9187798752329256
Recall: 0.9989429641048228
F1: 0.9571859635795826
Cohen Kappa: 0.8643254985037004
