Test Results: 

Accuracy: 0.9434895833333333
Precision: 0.9240294237842256
Recall: 0.995859942743889
F1: 0.9586009538950716
Cohen Kappa: 0.8699969355834998
