Test Results: 

Accuracy: 0.8115162037037037
Precision: 0.9332451499118166
Recall: 0.6476744186046511
F1: 0.7646676300578034
Cohen Kappa: 0.6158490287862592
