Test Results: 

Accuracy: 0.6828703703703703
Precision: 0.9634734665747761
Recall: 0.3422276621787026
F1: 0.5050578034682082
Cohen Kappa: 0.34196807515599814
