Test Results: 

Accuracy: 0.9347222222222222
Precision: 0.8964643621213827
Recall: 0.9744798041615667
F1: 0.9338455222567591
Cohen Kappa: 0.8696422435361296
