Test Results: 

Accuracy: 0.9216724537037037
Precision: 0.9002877444359622
Recall: 0.938249694002448
F1: 0.9188768018220503
Cohen Kappa: 0.8432210272029531
