Test Results: 

Accuracy: 0.9305844907407408
Precision: 0.9044697633654689
Recall: 0.999955956837701
F1: 0.9498190641537851
Cohen Kappa: 0.8381712031801496
