Test Results: 

Accuracy: 0.7594907407407407
Precision: 0.7329492117955524
Recall: 0.9972693239374587
F1: 0.8449195865517369
Cohen Kappa: 0.3609222779080782
