Test Results: 

Accuracy: 0.6732638888888889
Precision: 0.9196928140427866
Recall: 0.44253814073800346
F1: 0.597547936417421
Cohen Kappa: 0.37495110743256876
