Test Results: 

Accuracy: 0.9554976851851852
Precision: 0.9228954905374291
Recall: 0.9900596421471173
F1: 0.9552984944486427
Cohen Kappa: 0.9111022170869513
