Test Results: 

Accuracy: 0.9302199392273187
Precision: 0.9010912143256855
Recall: 0.9615585578860939
F1: 0.9303434080814647
Cohen Kappa: 0.8605868824483147
