Test Results: 

Accuracy: 0.9414641203703704
Precision: 0.9206052224843407
Recall: 0.9968729354767673
F1: 0.9572223044553932
Cohen Kappa: 0.8650100873347522
