Test Results: 

Accuracy: 0.9473090277777778
Precision: 0.9105
Recall: 0.9873486354599674
F1: 0.9473684210526314
Cohen Kappa: 0.8947908165844569
