Test Results: 

Accuracy: 0.8859085648148148
Precision: 0.9210880689469432
Recall: 0.9037656903765691
F1: 0.9123446635395595
Cohen Kappa: 0.7490276507753213
