Test Results: 

Accuracy: 0.5777488425925926
Precision: 0.5323298091799897
Recall: 0.994939454183987
F1: 0.6935724334880206
Cohen Kappa: 0.18116435489736027
