Test Results: 

Accuracy: 0.6018518518518519
Precision: 0.9904942965779467
Recall: 0.1594247246022032
F1: 0.27464417501317867
Cohen Kappa: 0.16520390945534036
