Test Results: 

Accuracy: 0.7609664351851851
Precision: 0.8320691370305894
Recall: 0.7064878847067518
F1: 0.7641533674022897
Cohen Kappa: 0.5250961793641428
