Test Results: 

Accuracy: 0.9370659722222222
Precision: 0.9266062671432134
Recall: 0.9819863466196873
F1: 0.9534928475206876
Cohen Kappa: 0.8564433480433321
