Test Results: 

Accuracy: 0.8466724537037037
Precision: 0.8008997882851094
Recall: 0.9585598901969065
F1: 0.8726661059714045
Cohen Kappa: 0.6838509667097541
