Test Results: 

Accuracy: 0.9327256944444444
Precision: 0.9059265157547491
Recall: 0.9595758780649437
F1: 0.9319797548345572
Cohen Kappa: 0.8655439965203686
