Test Results: 

Accuracy: 0.85078125
Precision: 0.8031489137127276
Recall: 0.9640500448714565
F1: 0.8762745615508266
Cohen Kappa: 0.6922063325771737
