Test Results: 

Accuracy: 0.9398726851851852
Precision: 0.9162865792129162
Recall: 0.9998238273508038
F1: 0.9562342038753159
Cohen Kappa: 0.8607888852370642
