Test Results: 

Accuracy: 0.9341435185185185
Precision: 0.9203004871177886
Recall: 0.9446954635821435
F1: 0.9323384267792377
Cohen Kappa: 0.8682146027869674
