Test Results: 

Accuracy: 0.9404224537037037
Precision: 0.9199755899104963
Recall: 0.9959480290684871
F1: 0.9564555355821085
Cohen Kappa: 0.8626251612477264
