Test Results: 

Accuracy: 0.9297743055555555
Precision: 0.9275371063110897
Recall: 0.9261401289234291
F1: 0.9268380912187623
Cohen Kappa: 0.8593220996327979
