Test Results: 

Accuracy: 0.9105326043665593
Precision: 0.8921505144254982
Recall: 0.9273107986838169
F1: 0.9093909280921125
Cohen Kappa: 0.8211019412605745
