Test Results: 

Accuracy: 0.7747974537037037
Precision: 0.8117318435754189
Recall: 0.7670379559731827
F1: 0.7887522731590805
Cohen Kappa: 0.5480342701588152
