Test Results: 

Accuracy: 0.730931712962963
Precision: 0.7960098219766728
Recall: 0.684527266008552
F1: 0.7360712967956177
Cohen Kappa: 0.4648142580468596
