Test Results: 

Accuracy: 0.7415219907407408
Precision: 0.7748188007906874
Recall: 0.7449189674286016
F1: 0.759574754407213
Cohen Kappa: 0.4803466494042097
