Test Results: 

Accuracy: 0.8629340277777777
Precision: 0.8681855683188424
Recall: 0.8372093023255814
F1: 0.8524161136554819
Cohen Kappa: 0.7245474073515216
