Test Results: 

Accuracy: 0.7183449074074074
Precision: 0.773670133729569
Recall: 0.6871667634482395
F1: 0.7278573026168643
Cohen Kappa: 0.438113666124206
