Test Results: 

Accuracy: 0.9345486111111111
Precision: 0.9130065861246919
Recall: 0.9951992953094032
F1: 0.9523327854343152
Cohen Kappa: 0.8485450244271063
