Test Results: 

Accuracy: 0.9368055555555556
Precision: 0.9130802367245058
Recall: 0.9988989209425236
F1: 0.9540636042402827
Cohen Kappa: 0.8534904339081176
