Test Results: 

Accuracy: 0.8544849537037037
Precision: 0.8147014634689221
Recall: 0.8960220318237454
F1: 0.8534289294978287
Cohen Kappa: 0.7096016099559448
