Test Results: 

Accuracy: 0.7398148148148148
Precision: 0.8228119120223188
Recall: 0.6694821306023333
F1: 0.7382698800791712
Cohen Kappa: 0.48498474930103586
