Test Results: 

Accuracy: 0.9469039351851852
Precision: 0.9028596376337045
Recall: 0.9966865473823724
F1: 0.9474558314005097
Cohen Kappa: 0.8940601136688794
