Test Results: 

Accuracy: 0.484178131788559
Precision: 0.484178131788559
Recall: 1.0
F1: 0.6524528578049911
Cohen Kappa: 0.0
