Test Results: 

Accuracy: 0.8479166666666667
Precision: 0.8020479322063822
Recall: 0.959298949480019
F1: 0.8736538461538461
Cohen Kappa: 0.686443439068743
