Test Results: 

Accuracy: 0.9359424168987593
Precision: 0.9019147024262114
Recall: 0.9737313432835821
F1: 0.9364481286109019
Cohen Kappa: 0.8720672853434923
