Test Results: 

Accuracy: 0.7762152777777778
Precision: 0.8043442845506381
Recall: 0.7819247215330201
F1: 0.7929760693827292
Cohen Kappa: 0.5495833747527201
