Test Results: 

Accuracy: 0.8646122685185185
Precision: 0.8071490094745909
Recall: 0.9893892202924564
F1: 0.8890259232028083
Cohen Kappa: 0.719960274338981
