Test Results: 

Accuracy: 0.9458043981481481
Precision: 0.9256292906178489
Recall: 0.9976657123981502
F1: 0.9602984505161414
Cohen Kappa: 0.8753169906364776
