Test Results: 

Accuracy: 0.8297743055555555
Precision: 0.9318576030395639
Recall: 0.6904528763769889
F1: 0.793194361444089
Cohen Kappa: 0.6539126421711376
