Test Results: 

Accuracy: 0.8591145833333333
Precision: 0.8036068685822763
Recall: 0.9832655862323814
F1: 0.8844044538353789
Cohen Kappa: 0.7086591903281314
