Test Results: 

Accuracy: 0.8632523148148148
Precision: 0.8069167997927551
Recall: 0.9865913530063876
F1: 0.8877541326239787
Cohen Kappa: 0.7172433988834164
