Test Results: 

Accuracy: 0.7959490740740741
Precision: 0.7355447352404139
Recall: 0.887515299877601
F1: 0.8044153538939427
Cohen Kappa: 0.5950039124161184
