Test Results: 

Accuracy: 0.9505208333333334
Precision: 0.9105498262835714
Recall: 0.9946984758117959
F1: 0.950765864332604
Cohen Kappa: 0.9012338063115886
