Test Results: 

Accuracy: 0.8799189814814815
Precision: 0.8816053092912597
Recall: 0.861750305997552
F1: 0.8715647437484525
Cohen Kappa: 0.7588449739596155
