Test Results: 

Accuracy: 0.8613136574074074
Precision: 0.8063035760671919
Recall: 0.9831600063347938
F1: 0.885992245664946
Cohen Kappa: 0.7133387751049272
