Test Results: 

Accuracy: 0.7470196759259259
Precision: 0.8396829625682696
Recall: 0.665522884442802
F1: 0.7425273139558854
Cohen Kappa: 0.5003450743087308
