Test Results: 

Accuracy: 0.6905092592592592
Precision: 0.8836884712012655
Recall: 0.5013461436942406
F1: 0.6397440215560795
Cohen Kappa: 0.4027492398366913
