Test Results: 

Accuracy: 0.846556712962963
Precision: 0.8832025553780988
Recall: 0.7783965728274174
F1: 0.8274942259523113
Cohen Kappa: 0.6903066096990613
