Test Results: 

Accuracy: 0.9425925925925925
Precision: 0.9239677538159349
Recall: 0.9944505615503193
F1: 0.9579143863221755
Cohen Kappa: 0.8680244102826068
