Test Results: 

Accuracy: 0.6991030092592593
Precision: 0.616191904047976
Recall: 0.990421109705404
F1: 0.7597218050324637
Cohen Kappa: 0.41083659726989985
