Test Results: 

Accuracy: 0.8655960648148148
Precision: 0.80753678052138
Recall: 0.9909729187562688
F1: 0.8899002109554623
Cohen Kappa: 0.7219535462586408
