Test Results: 

Accuracy: 0.8585069444444444
Precision: 0.8043751353692874
Recall: 0.9802565591511376
F1: 0.8836489959074902
Cohen Kappa: 0.7075592513494409
