Test Results: 

Accuracy: 0.6517361111111111
Precision: 0.9723441615452151
Recall: 0.2711138310893513
F1: 0.4240045941807044
Cohen Kappa: 0.2744081521127846
