Test Results: 

Accuracy: 0.8044560185185186
Precision: 0.9045769295727073
Recall: 0.6555691554467564
F1: 0.760201547086793
Cohen Kappa: 0.602100374708658
