Test Results: 

Accuracy: 0.760011574074074
Precision: 0.8162004869647841
Recall: 0.7255450562212955
F1: 0.7682074786205355
Cohen Kappa: 0.5211991237161742
