Test Results: 

Accuracy: 0.9490740740740741
Precision: 0.912951522235209
Recall: 0.9881920597626364
F1: 0.949082913845976
Cohen Kappa: 0.8983074810177425
