Test Results: 

Accuracy: 0.9455150462962963
Precision: 0.9063397393417274
Recall: 0.9887342611000662
F1: 0.9457458149652807
Cohen Kappa: 0.8912354816082622
