Test Results: 

Accuracy: 0.863917824074074
Precision: 0.9486347865439735
Recall: 0.7576962467618531
F1: 0.8424824999162676
Cohen Kappa: 0.7253160283036857
