Test Results: 

Accuracy: 0.7120659722222222
Precision: 0.7916450441100156
Recall: 0.644248535078921
F1: 0.7103815594167467
Cohen Kappa: 0.4300487647537822
