Test Results: 

Accuracy: 0.6885706018518518
Precision: 0.8248094027954257
Recall: 0.548276408171884
F1: 0.6586966862216584
Cohen Kappa: 0.39298971328941157
