Test Results: 

Accuracy: 0.9460069444444444
Precision: 0.9012036381460705
Recall: 0.9968672811615158
F1: 0.9466247139588101
Cohen Kappa: 0.8922794618426971
