Test Results: 

Accuracy: 0.7537615740740741
Precision: 0.8547432845970758
Recall: 0.6635168663886396
F1: 0.7470874940561104
Cohen Kappa: 0.514485946402151
