Test Results: 

Accuracy: 0.8124421296296296
Precision: 0.9030253475061325
Recall: 0.6758873929008568
F1: 0.7731186559327965
Cohen Kappa: 0.6188244806728843
