Test Results: 

Accuracy: 0.8499710648148148
Precision: 0.8029062087186262
Recall: 0.9625719263052315
F1: 0.8755191702878543
Cohen Kappa: 0.6905849262303599
