Test Results: 

Accuracy: 0.9426793981481482
Precision: 0.9246373248094418
Recall: 0.9937458709535345
F1: 0.9579468019614918
Cohen Kappa: 0.8683202188939095
