Test Results: 

Accuracy: 0.954224537037037
Precision: 0.9217547604336348
Recall: 0.9886137719139707
F1: 0.954014301494099
Cohen Kappa: 0.9085581443358
