Test Results: 

Accuracy: 0.9417534722222223
Precision: 0.9190021059452455
Recall: 0.9994274388901123
F1: 0.9575289575289575
Cohen Kappa: 0.8653784246422922
