Test Results: 

Accuracy: 0.9517361111111111
Precision: 0.9219465325269881
Recall: 0.9827098017952889
F1: 0.9513589175317858
Cohen Kappa: 0.9035630572014884
