Test Results: 

Accuracy: 0.8558738425925926
Precision: 0.8045280055836678
Recall: 0.9736050256031251
F1: 0.881028017292856
Cohen Kappa: 0.7023928722731099
