Test Results: 

Accuracy: 0.84609375
Precision: 0.7995865951271001
Recall: 0.9597740590191628
F1: 0.8723878985628943
Cohen Kappa: 0.6825374215586555
