Test Results: 

Accuracy: 0.9519097222222223
Precision: 0.9237927708108722
Recall: 0.9807819748177601
F1: 0.9514347495762959
Cohen Kappa: 0.9038946242912693
