Test Results: 

Accuracy: 0.9245081018518518
Precision: 0.9238231820482538
Recall: 0.9646333406738604
F1: 0.9437873009717105
Cohen Kappa: 0.8290519913622636
