Test Results: 

Accuracy: 0.9345196759259259
Precision: 0.9093639859019546
Recall: 1.0
F1: 0.9525307826232878
Cohen Kappa: 0.8477773063283649
