Test Results: 

Accuracy: 0.7916956018518518
Precision: 0.900815574848724
Recall: 0.628641370869033
F1: 0.7405111199221425
Cohen Kappa: 0.5755382206856821
