Test Results: 

Accuracy: 0.8566840277777777
Precision: 0.803866203301477
Recall: 0.9768780024283377
F1: 0.8819674475132855
Cohen Kappa: 0.7039023807347572
