Test Results: 

Accuracy: 0.845457175925926
Precision: 0.9222913307225677
Recall: 0.7350673194614443
F1: 0.8181044171235909
Cohen Kappa: 0.6867159665878266
