Test Results: 

Accuracy: 0.8606481481481482
Precision: 0.8055543539386598
Recall: 0.9830544264372063
F1: 0.8854969091773656
Cohen Kappa: 0.7119316804747876
