Test Results: 

Accuracy: 0.9398148148148148
Precision: 0.9030286381429847
Recall: 0.9811954331766286
F1: 0.9404906659037264
Cohen Kappa: 0.8798256729744729
