Test Results: 

Accuracy: 0.6825520833333333
Precision: 0.8840817113123915
Recall: 0.48434778018265323
F1: 0.6258313154394461
Cohen Kappa: 0.3886059561328923
