Test Results: 

Accuracy: 0.9452835648148148
Precision: 0.9241868427488383
Recall: 0.9986346619687294
F1: 0.9599695167128857
Cohen Kappa: 0.8739554348977002
