Test Results: 

Accuracy: 0.950462962962963
Precision: 0.9140107903665388
Recall: 0.9899993975540695
F1: 0.9504887500723003
Cohen Kappa: 0.9010836162487037
