Test Results: 

Accuracy: 0.9459201388888889
Precision: 0.9223050458715596
Recall: 0.9690342791734442
F1: 0.9450923940186257
Cohen Kappa: 0.8918797313865986
