Test Results: 

Accuracy: 0.9404513888888889
Precision: 0.9171616761627672
Recall: 0.9996476547016075
F1: 0.9566298575402512
Cohen Kappa: 0.8622098867284339
