Test Results: 

Accuracy: 0.9202256944444445
Precision: 0.9349547511312217
Recall: 0.8962588107717332
F1: 0.9151979330072899
Cohen Kappa: 0.8399520494714775
