Test Results: 

Accuracy: 0.9011284722222223
Precision: 0.8298468621759584
Recall: 0.9989758419181879
F1: 0.9065908531751455
Cohen Kappa: 0.8034680393218095
