Test Results: 

Accuracy: 0.8241030092592593
Precision: 0.9322605105737636
Recall: 0.677172582619339
F1: 0.7845014002623275
Cohen Kappa: 0.6421096972982984
