Test Results: 

Accuracy: 0.9423321759259259
Precision: 0.9237315875613747
Recall: 0.9943184320634222
F1: 0.9577261639622441
Cohen Kappa: 0.8674174242383411
