Test Results: 

Accuracy: 0.9456886574074074
Precision: 0.8990567060609346
Recall: 0.9990963311042834
F1: 0.9464402910543587
Cohen Kappa: 0.8916654029407275
