Test Results: 

Accuracy: 0.8012731481481481
Precision: 0.9007446268404129
Recall: 0.651468788249694
F1: 0.7560906314368919
Cohen Kappa: 0.5955926741572359
