Test Results: 

Accuracy: 0.7058159722222223
Precision: 0.7907500662602703
Recall: 0.6299952489046086
F1: 0.7012780960775673
Cohen Kappa: 0.4187153312682611
