Test Results: 

Accuracy: 0.8808449074074074
Precision: 0.8914296694850116
Recall: 0.8517135862913097
F1: 0.8711191787681521
Cohen Kappa: 0.7604318587102576
