Test Results: 

Accuracy: 0.7113136574074074
Precision: 0.7916720884840599
Recall: 0.642348096922346
F1: 0.7092355666948387
Cohen Kappa: 0.4287044511646154
