Test Results: 

Accuracy: 0.7205729166666667
Precision: 0.7739556289827708
Recall: 0.6924457583276145
F1: 0.7309353319773759
Cohen Kappa: 0.44217726169658345
