Test Results: 

Accuracy: 0.9156565473821326
Precision: 0.8886077728582472
Recall: 0.9442867811799851
F1: 0.9156015786234115
Cohen Kappa: 0.8314683419283104
