Test Results: 

Accuracy: 0.7275752314814815
Precision: 0.9911129340989883
Recall: 0.4367130550033135
F1: 0.606281102329277
Cohen Kappa: 0.44247855244278644
