Test Results: 

Accuracy: 0.842042824074074
Precision: 0.8143162516609856
Recall: 0.8626070991432069
F1: 0.8377663526404945
Cohen Kappa: 0.6841144863438728
