Test Results: 

Accuracy: 0.5274761077324066
Precision: 0.5061931340316538
Recall: 0.989833295955745
F1: 0.6698368534210193
Cohen Kappa: 0.0808283274410162
