Test Results: 

Accuracy: 0.9525462962962963
Precision: 0.9134833324119631
Recall: 0.995481655521417
F1: 0.9527214022140221
Cohen Kappa: 0.9052673790219332
