Test Results: 

Accuracy: 0.9438946759259259
Precision: 0.92340573012939
Recall: 0.9630700644617146
F1: 0.9428209135678689
Cohen Kappa: 0.887797540495855
