Test Results: 

Accuracy: 0.8553240740740741
Precision: 0.8039412303265466
Recall: 0.9734466557567439
F1: 0.8806112702960841
Cohen Kappa: 0.7012353183050157
