Test Results: 

Accuracy: 0.9468460648148148
Precision: 0.915924715428829
Recall: 0.979215615398518
F1: 0.9465133207162615
Cohen Kappa: 0.8938049921264435
