Test Results: 

Accuracy: 0.8629918981481481
Precision: 0.8068947641264904
Recall: 0.9860106635696564
F1: 0.8875056425364093
Cohen Kappa: 0.7167261328243842
