Test Results: 

Accuracy: 0.7231481481481481
Precision: 0.8387656283876563
Recall: 0.6126801457002586
F1: 0.7081147040878584
Cohen Kappa: 0.45671396018118304
