Test Results: 

Accuracy: 0.8456307870370371
Precision: 0.7751937984496124
Recall: 0.9485924112607099
F1: 0.8531718728498693
Cohen Kappa: 0.6938779779545443
