Test Results: 

Accuracy: 0.7635995370370371
Precision: 0.8214093919684945
Recall: 0.726706435094758
F1: 0.7711612794801411
Cohen Kappa: 0.528566999670609
