Test Results: 

Accuracy: 0.8349537037037037
Precision: 0.9296332202294393
Recall: 0.7042227662178703
F1: 0.8013789261090605
Cohen Kappa: 0.6647336791676139
