Test Results: 

Accuracy: 0.7361689814814815
Precision: 0.8892841742130229
Recall: 0.5048347613219094
F1: 0.6440505933791381
Cohen Kappa: 0.45869884095708235
