Test Results: 

Accuracy: 0.9513020833333333
Precision: 0.9114985654380932
Recall: 0.9952406771492258
F1: 0.95153068571264
Cohen Kappa: 0.902791281105681
