Test Results: 

Accuracy: 0.85703125
Precision: 0.9184962185182466
Recall: 0.7655446756425949
F1: 0.8350746019560066
Cohen Kappa: 0.7107286540935189
