Test Results: 

Accuracy: 0.9328703703703703
Precision: 0.9265698751269642
Recall: 0.9342731489848786
F1: 0.9304055675545956
Cohen Kappa: 0.865574268481418
