Test Results: 

Accuracy: 0.9553819444444445
Precision: 0.9245474538995094
Recall: 0.9877101030182541
F1: 0.9550856343935686
Cohen Kappa: 0.9108559868507281
