Test Results: 

Accuracy: 0.7532986111111111
Precision: 0.939779378658262
Recall: 0.5109547123623011
F1: 0.661988582302569
Cohen Kappa: 0.4932020704342832
