Test Results: 

Accuracy: 0.9377025462962963
Precision: 0.8870431893687708
Recall: 0.9972889933128501
F1: 0.9389410396755622
Cohen Kappa: 0.8757965651159338
