Test Results: 

Accuracy: 0.9381944444444444
Precision: 0.924155565636986
Recall: 0.9869191807971812
F1: 0.9545067302777305
Cohen Kappa: 0.8584749355762317
