Test Results: 

Accuracy: 0.9287652400419666
Precision: 0.9015252688549941
Recall: 0.9575929520680901
F1: 0.9287136598964555
Cohen Kappa: 0.8576596793405133
