Test Results: 

Accuracy: 0.7682291666666666
Precision: 0.8121752041573868
Recall: 0.7507786517447078
F1: 0.7802710264991496
Cohen Kappa: 0.5358612092064132
