Test Results: 

Accuracy: 0.8441261574074074
Precision: 0.8203943134616509
Recall: 0.8582007343941248
F1: 0.8388717733975413
Cohen Kappa: 0.6880686859461256
