Test Results: 

Accuracy: 0.9325520833333333
Precision: 0.9269130835638253
Recall: 0.9741466637304559
F1: 0.9499430927480833
Cohen Kappa: 0.8467818512650012
