Test Results: 

Accuracy: 0.9033854166666667
Precision: 0.8334003821784169
Recall: 0.9984336405807579
F1: 0.9084829381937782
Cohen Kappa: 0.8079124838768011
