Test Results: 

Accuracy: 0.9453703703703704
Precision: 0.924126971191068
Recall: 0.9988548777802246
F1: 0.9600389450958811
Cohen Kappa: 0.8741369630640474
