Test Results: 

Accuracy: 0.9451678240740741
Precision: 0.9242782580329473
Recall: 0.998326359832636
F1: 0.959876347159584
Cohen Kappa: 0.8737152414754047
