Test Results: 

Accuracy: 0.8233796296296296
Precision: 0.9351300799183813
Recall: 0.6731334149326805
F1: 0.7827912604085119
Cohen Kappa: 0.6405146792484057
