Test Results: 

Accuracy: 0.9449363425925926
Precision: 0.9247386475008167
Recall: 0.9973574102620568
F1: 0.9596762231686903
Cohen Kappa: 0.8732775583344573
