Test Results: 

Accuracy: 0.7816550925925926
Precision: 0.8983511505707555
Recall: 0.6068543451652387
F1: 0.7243772371977502
Cohen Kappa: 0.5545572022251698
