Test Results: 

Accuracy: 0.9244502314814815
Precision: 0.923566610455312
Recall: 0.9648535564853556
F1: 0.9437587506731288
Cohen Kappa: 0.828878705794629
