Test Results: 

Accuracy: 0.9186631944444444
Precision: 0.9253035744826407
Recall: 0.9531380753138076
F1: 0.9390146009155403
Cohen Kappa: 0.8170209351603334
