Test Results: 

Accuracy: 0.8427951388888889
Precision: 0.813437553882407
Recall: 0.866156670746634
F1: 0.8389697382850708
Cohen Kappa: 0.6857080168588786
