Test Results: 

Accuracy: 0.77421875
Precision: 0.7949899375066201
Recall: 0.7924299213429763
F1: 0.7937078651685393
Cohen Kappa: 0.5443723426236192
