Test Results: 

Accuracy: 0.8558738425925926
Precision: 0.7983588340883836
Recall: 0.9861162434672438
F1: 0.8823598875794147
Cohen Kappa: 0.7015795132783708
