Test Results: 

Accuracy: 0.8585648148148148
Precision: 0.9198562839125971
Recall: 0.7677478580171359
F1: 0.836947094535993
Cohen Kappa: 0.7138488595169264
