Test Results: 

Accuracy: 0.935248155115034
Precision: 0.8911505021230707
Recall: 0.986937374038964
F1: 0.9366012608911242
Cohen Kappa: 0.8707880635657396
