Test Results: 

Accuracy: 0.8385706018518518
Precision: 0.8060058010578399
Recall: 0.8673194614443085
F1: 0.835539309612947
Cohen Kappa: 0.6774488711678093
