Test Results: 

Accuracy: 0.9311342592592593
Precision: 0.9118345594624341
Recall: 0.94831013916501
F1: 0.9297147244699073
Cohen Kappa: 0.8622631783050921
