Test Results: 

Accuracy: 0.7159143518518518
Precision: 0.7574628971277017
Recall: 0.7085994826585018
F1: 0.732216888500982
Cohen Kappa: 0.43042979095460543
