Test Results: 

Accuracy: 0.9440104166666666
Precision: 0.9247791230366492
Recall: 0.9957718564192909
F1: 0.9589633745466885
Cohen Kappa: 0.8712543124691967
