Test Results: 

Accuracy: 0.8517939814814814
Precision: 0.8030256522692392
Recall: 0.9667423322599377
F1: 0.877311487975472
Cohen Kappa: 0.6941776006091006
