Test Results: 

Accuracy: 0.7080729166666667
Precision: 0.791096791162546
Recall: 0.6351158739376023
F1: 0.7045767327457468
Cohen Kappa: 0.4228064735545801
