Test Results: 

Accuracy: 0.8635127314814814
Precision: 0.8612993472179049
Recall: 0.847858017135863
F1: 0.8545258288357749
Cohen Kappa: 0.7259946798908548
