Test Results: 

Accuracy: 0.9520833333333333
Precision: 0.9138188867349765
Recall: 0.9939755406952226
F1: 0.9522133087089513
Cohen Kappa: 0.9043357539673684
