Test Results: 

Accuracy: 0.8511863425925926
Precision: 0.8032167340481631
Recall: 0.9648946840521565
F1: 0.8766637089618456
Cohen Kappa: 0.6930101774346558
