Test Results: 

Accuracy: 0.9184397163120568
Precision: 0.8947181850407657
Recall: 0.9425647919934275
F1: 0.9180184767585656
Cohen Kappa: 0.8369845507422589
