Test Results: 

Accuracy: 0.9266493055555556
Precision: 0.8958536445489477
Recall: 0.9559975520195838
F1: 0.9249489297450928
Cohen Kappa: 0.8533710813447599
