Test Results: 

Accuracy: 0.9149884259259259
Precision: 0.8500486854917235
Recall: 0.9992770648834267
F1: 0.9186420026583961
Cohen Kappa: 0.8308383419536951
