Test Results: 

Accuracy: 0.9451967592592593
Precision: 0.9258789342282978
Recall: 0.9963444175291786
F1: 0.9598201026772456
Cohen Kappa: 0.8740217297688981
