Test Results: 

Accuracy: 0.7313078703703704
Precision: 0.7973763626285644
Recall: 0.683471467032677
F1: 0.7360432063672542
Cohen Kappa: 0.4657192895234801
