Test Results: 

Accuracy: 0.9340277777777778
Precision: 0.9154631626052643
Recall: 0.9911032812155913
F1: 0.9517827686841772
Cohen Kappa: 0.84787703099892
