Test Results: 

Accuracy: 0.897193287037037
Precision: 0.9102341995508502
Recall: 0.8681762545899633
F1: 0.8887079091620986
Cohen Kappa: 0.7932835496764197
