Test Results: 

Accuracy: 0.8585648148148148
Precision: 0.8052912811156001
Recall: 0.9785672807897376
F1: 0.8835136552118583
Cohen Kappa: 0.7077898574283461
