Test Results: 

Accuracy: 0.9461516203703704
Precision: 0.9092524713984228
Recall: 0.9863244773781553
F1: 0.9462216442710591
Cohen Kappa: 0.8924812654972383
