Test Results: 

Accuracy: 0.9295428240740741
Precision: 0.9013450326155977
Recall: 0.9555691554467565
F1: 0.9276653892998247
Cohen Kappa: 0.8591047205450383
