Test Results: 

Accuracy: 0.7630208333333334
Precision: 0.813772979282171
Recall: 0.7361030459800454
F1: 0.7729918509895227
Cohen Kappa: 0.5264241058332526
