Test Results: 

Accuracy: 0.7769386574074074
Precision: 0.9419354838709677
Recall: 0.5629130966952265
F1: 0.7046925876268915
Cohen Kappa: 0.5430674195111862
