Test Results: 

Accuracy: 0.9458043981481481
Precision: 0.9243314891655141
Recall: 0.9662630278932466
F1: 0.9448322582545433
Cohen Kappa: 0.8916265919875714
