Test Results: 

Accuracy: 0.9422164351851852
Precision: 0.9246575342465754
Recall: 0.9929530940321515
F1: 0.9575891435003292
Cohen Kappa: 0.867312056886212
