Test Results: 

Accuracy: 0.9216435185185186
Precision: 0.8828783282777216
Recall: 0.9618727050183599
F1: 0.9206842012770196
Cohen Kappa: 0.8435441374188586
