Test Results: 

Accuracy: 0.846412037037037
Precision: 0.8013526057552048
Recall: 0.9570289816818878
F1: 0.8722994755328873
Cohen Kappa: 0.6834030821904014
