Test Results: 

Accuracy: 0.7816550925925926
Precision: 0.9463959390862944
Recall: 0.5705018359853121
F1: 0.7118747613592974
Cohen Kappa: 0.5528514043554806
