Test Results: 

Accuracy: 0.8625289351851851
Precision: 0.8070000865276455
Recall: 0.9846909148498126
F1: 0.8870342630239912
Cohen Kappa: 0.7158245533076075
