Test Results: 

Accuracy: 0.773900462962963
Precision: 0.9060773480662984
Recall: 0.5821297429620563
F1: 0.7088456665921455
Cohen Kappa: 0.5379358498835753
