Test Results: 

Accuracy: 0.7165219907407407
Precision: 0.7891741494877956
Recall: 0.6588185609459959
F1: 0.7181287222717726
Cohen Kappa: 0.4376355031507523
