Test Results: 

Accuracy: 0.9419270833333333
Precision: 0.9212390100944318
Recall: 0.9968288923144681
F1: 0.9575444757049478
Cohen Kappa: 0.8661282091862534
