Test Results: 

Accuracy: 0.9322916666666666
Precision: 0.8992312487014337
Recall: 0.9688829191851355
F1: 0.9327586206896552
Cohen Kappa: 0.8647674229769695
