Test Results: 

Accuracy: 0.7577546296296296
Precision: 0.827174249458372
Recall: 0.7054320857308768
F1: 0.761467889908257
Cohen Kappa: 0.5185259457892991
