Test Results: 

Accuracy: 0.9404803240740741
Precision: 0.9176375404530744
Recall: 0.9990750935917199
F1: 0.9566262519768054
Cohen Kappa: 0.8623549584799044
