Test Results: 

Accuracy: 0.9505208333333334
Precision: 0.918865695155573
Recall: 0.9838544490631965
F1: 0.950250203654137
Cohen Kappa: 0.9011528067957365
