Test Results: 

Accuracy: 0.9542824074074074
Precision: 0.9201118881118882
Recall: 0.9908428218567383
F1: 0.9541683587631259
Cohen Kappa: 0.908688723291103
