Test Results: 

Accuracy: 0.8397569444444445
Precision: 0.7932875333654225
Recall: 0.9570289816818878
F1: 0.8674992822279642
Cohen Kappa: 0.669248006451971
