Test Results: 

Accuracy: 0.7001157407407408
Precision: 0.97808
Recall: 0.3741126070991432
F1: 0.5412129260734838
Cohen Kappa: 0.3786566431970002
