Test Results: 

Accuracy: 0.935300925925926
Precision: 0.8959128677296205
Recall: 0.9766217870257038
F1: 0.9345279925040993
Cohen Kappa: 0.8708182000791178
