Test Results: 

Accuracy: 0.9497106481481481
Precision: 0.9153669852982279
Recall: 0.9865052111572986
F1: 0.9496056599396892
Cohen Kappa: 0.899560798214984
