Test Results: 

Accuracy: 0.732667824074074
Precision: 0.9608046722907203
Recall: 0.45305997552019583
F1: 0.6157621127053441
Cohen Kappa: 0.4487186543825076
