Test Results: 

Accuracy: 0.8537037037037037
Precision: 0.8030904884543193
Recall: 0.9712294779074064
F1: 0.8791933479881486
Cohen Kappa: 0.6979377903560201
