Test Results: 

Accuracy: 0.8849537037037037
Precision: 0.9145654506437768
Recall: 0.8346389228886169
F1: 0.872776142326891
Cohen Kappa: 0.76817928574205
