Test Results: 

Accuracy: 0.9462962962962963
Precision: 0.9249867503771046
Recall: 0.9992953094032152
F1: 0.9607062709065504
Cohen Kappa: 0.876301301824923
