Test Results: 

Accuracy: 0.9450231481481481
Precision: 0.924574507162973
Recall: 0.9977097555604493
F1: 0.9597508791255349
Cohen Kappa: 0.873442935559569
