Test Results: 

Accuracy: 0.6935763888888888
Precision: 0.9536131271694541
Recall: 0.36988984088127297
F1: 0.5330276038451363
Cohen Kappa: 0.3652896304473625
