Test Results: 

Accuracy: 0.9462673611111111
Precision: 0.9148936170212766
Recall: 0.979215615398518
F1: 0.9459624618070711
Cohen Kappa: 0.8926537046882173
