Test Results: 

Accuracy: 0.8679398148148149
Precision: 0.8854412149777429
Recall: 0.8277845777233782
F1: 0.8556427125506072
Cohen Kappa: 0.7342028017222204
