Test Results: 

Accuracy: 0.7549189814814815
Precision: 0.7315462441849117
Recall: 0.9903985906188064
F1: 0.8415163535663498
Cohen Kappa: 0.35118608611695934
