Test Results: 

Accuracy: 0.8627604166666667
Precision: 0.8064836398169731
Recall: 0.9862746133136251
F1: 0.8873637464675009
Cohen Kappa: 0.7162181188044948
