Test Results: 

Accuracy: 0.8634548611111111
Precision: 0.8067368239454843
Recall: 0.9874359921870876
F1: 0.8879868973865983
Cohen Kappa: 0.7176215609234597
