Test Results: 

Accuracy: 0.9299189814814814
Precision: 0.9198162023430062
Recall: 0.9786390662849592
F1: 0.9483163330630361
Cohen Kappa: 0.8398252827047884
