Test Results: 

Accuracy: 0.9055844907407408
Precision: 0.9287000128584287
Recall: 0.8702331465750949
F1: 0.8985164681367214
Cohen Kappa: 0.8104227274371396
