Test Results: 

Accuracy: 0.7710648148148148
Precision: 0.9501174962614826
Recall: 0.5443696450428397
F1: 0.6921640339273208
Cohen Kappa: 0.5304249124900551
