Test Results: 

Accuracy: 0.9259548611111111
Precision: 0.8693181818181818
Recall: 0.995481655521417
F1: 0.9281321088550004
Cohen Kappa: 0.8524910508931813
