Test Results: 

Accuracy: 0.732175925925926
Precision: 0.9854555070739125
Recall: 0.44900295198505935
F1: 0.616919129211158
Cohen Kappa: 0.4522122582561613
