Test Results: 

Accuracy: 0.9400173611111111
Precision: 0.919051465497346
Recall: 0.9596361226579915
F1: 0.9389054257168961
Cohen Kappa: 0.8800489477058947
