Test Results: 

Accuracy: 0.783912037037037
Precision: 0.9482619240097009
Recall: 0.574296205630355
F1: 0.7153529501448391
Cohen Kappa: 0.5575390087768719
