Test Results: 

Accuracy: 0.8675925925925926
Precision: 0.8843941968370148
Recall: 0.8282129742962057
F1: 0.8553820870994249
Cohen Kappa: 0.7335258975663064
