Test Results: 

Accuracy: 0.9373146205599363
Precision: 0.8988103377546834
Recall: 0.9811179938801403
F1: 0.9381623550401428
Cohen Kappa: 0.8748522385568368
