Test Results: 

Accuracy: 0.9340277777777778
Precision: 0.9180241723594325
Recall: 0.94722573649015
F1: 0.9323963707525351
Cohen Kappa: 0.868009498757207
