Test Results: 

Accuracy: 0.942505787037037
Precision: 0.9206188078609713
Recall: 0.9985906188064303
F1: 0.9580208311326136
Cohen Kappa: 0.8672955199421803
