Test Results: 

Accuracy: 0.8730902777777778
Precision: 0.9075412518750853
Recall: 0.8145654834761322
F1: 0.8585435077081857
Cohen Kappa: 0.7440745503733286
