Test Results: 

Accuracy: 0.8478009259259259
Precision: 0.9276671298440636
Recall: 0.7354345165238678
F1: 0.8204410459479757
Cohen Kappa: 0.6913991948445934
