Test Results: 

Accuracy: 0.7543402777777778
Precision: 0.7789400651118109
Recall: 0.7704693026447764
F1: 0.7746815286624205
Cohen Kappa: 0.5046611043930389
