Test Results: 

Accuracy: 0.7763310185185185
Precision: 0.941447908121411
Recall: 0.5618727050183598
F1: 0.7037406101487046
Cohen Kappa: 0.5418034887786201
