Test Results: 

Accuracy: 0.7294849537037037
Precision: 0.8255735034613818
Recall: 0.642136937127171
F1: 0.7223921370668408
Cohen Kappa: 0.4665342246505607
