Test Results: 

Accuracy: 0.7474537037037037
Precision: 0.773992811544445
Recall: 0.7616533811962203
F1: 0.7677735206470839
Cohen Kappa: 0.4910496195527754
