Test Results: 

Accuracy: 0.7182291666666667
Precision: 0.9844654709786753
Recall: 0.4199650581360323
F1: 0.5887668918918919
Cohen Kappa: 0.4230379640926639
