Test Results: 

Accuracy: 0.9546875
Precision: 0.9217776780203131
Recall: 0.9896379299957829
F1: 0.9545031958163858
Cohen Kappa: 0.9094866784565369
