Test Results: 

Accuracy: 0.8623263888888889
Precision: 0.8064111979954206
Recall: 0.9853771841841313
F1: 0.8869565217391305
Cohen Kappa: 0.7153517845850026
