Test Results: 

Accuracy: 0.8014467592592592
Precision: 0.7285176969813868
Recall: 0.9246022031823745
F1: 0.8149306866605533
Cohen Kappa: 0.6071698384741612
