Test Results: 

Accuracy: 0.9435763888888888
Precision: 0.9257785254174702
Recall: 0.9937899141158335
F1: 0.958579378903097
Cohen Kappa: 0.8704592275358718
