Test Results: 

Accuracy: 0.7386863425925926
Precision: 0.9049307479224377
Recall: 0.49981640146878825
F1: 0.6439582101320717
Cohen Kappa: 0.46342876652935117
