Test Results: 

Accuracy: 0.9511574074074074
Precision: 0.9166247555183012
Recall: 0.9881920597626364
F1: 0.9510639531512727
Cohen Kappa: 0.9024516364383903
