Test Results: 

Accuracy: 0.946875
Precision: 0.9236154949784792
Recall: 0.9695764805108742
F1: 0.9460380907594639
Cohen Kappa: 0.893785124728929
