Test Results: 

Accuracy: 0.9411747685185186
Precision: 0.9221877297606405
Recall: 0.9943624752257212
F1: 0.9569160997732425
Cohen Kappa: 0.8646377234324448
