Test Results: 

Accuracy: 0.9427083333333334
Precision: 0.9213597365103892
Recall: 0.9979740145342436
F1: 0.9581377648103514
Cohen Kappa: 0.8678599963406445
