Test Results: 

Accuracy: 0.8799479166666667
Precision: 0.8733386415140565
Recall: 0.8726438188494492
F1: 0.8729910919276334
Cohen Kappa: 0.7591733333315418
