Test Results: 

Accuracy: 0.9384259259259259
Precision: 0.9247760208083894
Recall: 0.9865227923364898
F1: 0.9546520052849167
Cohen Kappa: 0.8590812052303665
