Test Results: 

Accuracy: 0.9307725694444444
Precision: 0.90268526957863
Recall: 0.9607491978210582
F1: 0.9308126084441875
Cohen Kappa: 0.8616795464935867
