Test Results: 

Accuracy: 0.9538773148148149
Precision: 0.9165509966131808
Recall: 0.9945177420326525
F1: 0.9539439468361745
Cohen Kappa: 0.9079081613641705
