Test Results: 

Accuracy: 0.8116608796296296
Precision: 0.9320559022589435
Recall: 0.6489596083231334
F1: 0.7651621748385468
Cohen Kappa: 0.6161894516279464
