Test Results: 

Accuracy: 0.7069155092592593
Precision: 0.8922912586790102
Recall: 0.5291664467085467
F1: 0.6643470192530736
Cohen Kappa: 0.43292571968658466
