Test Results: 

Accuracy: 0.8713831018518519
Precision: 0.8971089003138145
Recall: 0.8222766217870257
F1: 0.8580643101191046
Cohen Kappa: 0.7408876551705107
