Test Results: 

Accuracy: 0.9517650462962963
Precision: 0.9163506580414901
Recall: 0.9899391529610218
F1: 0.9517245373722163
Cohen Kappa: 0.9036733291196166
