Test Results: 

Accuracy: 0.6396122685185185
Precision: 0.9825337680484397
Recall: 0.25417193806855837
F1: 0.4038673239841095
Cohen Kappa: 0.2572261081842354
