Test Results: 

Accuracy: 0.9519386574074075
Precision: 0.9160539215686274
Recall: 0.9907223326706428
F1: 0.9519261381725564
Cohen Kappa: 0.9040244070382102
