Test Results: 

Accuracy: 0.9203414351851852
Precision: 0.8958261863922241
Recall: 0.9439122838725225
F1: 0.9192408108187392
Cohen Kappa: 0.8407591368066449
