Test Results: 

Accuracy: 0.8662615740740741
Precision: 0.8079122769296926
Recall: 0.9918175579369688
F1: 0.8904687425944358
Cohen Kappa: 0.7233159649794538
