Test Results: 

Accuracy: 0.9231770833333334
Precision: 0.899561578318055
Recall: 0.9940541730896278
F1: 0.9444502563029606
Cohen Kappa: 0.820947772726093
