Test Results: 

Accuracy: 0.9356481481481481
Precision: 0.9120091716824305
Recall: 0.9584914753900837
F1: 0.9346727764070027
Cohen Kappa: 0.8713447103253879
