Test Results: 

Accuracy: 0.9419849537037037
Precision: 0.9197420715386487
Recall: 0.9988548777802246
F1: 0.9576673774887572
Cohen Kappa: 0.8660090825502688
