Test Results: 

Accuracy: 0.8121527777777777
Precision: 0.9749083732731886
Recall: 0.6249774082776071
F1: 0.7616740088105727
Cohen Kappa: 0.6185296093688528
