Test Results: 

Accuracy: 0.9475405092592593
Precision: 0.9123257110987172
Recall: 0.9854810530754865
F1: 0.9474934113353993
Cohen Kappa: 0.8952363229061696
