Test Results: 

Accuracy: 0.8946469907407407
Precision: 0.8743912018853103
Recall: 0.9804888791015195
F1: 0.9244056887781583
Cohen Kappa: 0.7525135324690753
