Test Results: 

Accuracy: 0.9528067129629629
Precision: 0.9179604601809449
Recall: 0.9902403759262606
F1: 0.9527314881901173
Cohen Kappa: 0.9057479885959657
