Test Results: 

Accuracy: 0.7261863425925926
Precision: 0.9898407468423943
Recall: 0.43436351587445027
F1: 0.6037767449650379
Cohen Kappa: 0.4395969357861619
