Test Results: 

Accuracy: 0.8632523148148148
Precision: 0.8070493715174291
Recall: 0.9863274032624189
F1: 0.8877274670974487
Cohen Kappa: 0.7172596789168784
