Test Results: 

Accuracy: 0.7804108796296296
Precision: 0.9415682712685437
Recall: 0.5709914320685434
F1: 0.7108842241609203
Cohen Kappa: 0.5503888885803206
