Test Results: 

Accuracy: 0.8657696759259259
Precision: 0.9126754602525217
Recall: 0.791860465116279
F1: 0.8479863682537602
Cohen Kappa: 0.7288910590913373
