Test Results: 

Accuracy: 0.944675925925926
Precision: 0.9237415936417362
Recall: 0.9981942303457388
F1: 0.9595258255715494
Cohen Kappa: 0.872553013370524
