Test Results: 

Accuracy: 0.94453125
Precision: 0.9012791079042309
Recall: 0.9933128501716971
F1: 0.9450606138767089
Cohen Kappa: 0.8893184604012122
