Test Results: 

Accuracy: 0.9509837962962963
Precision: 0.9236541413222671
Recall: 0.9788541478402314
F1: 0.9504533489324364
Cohen Kappa: 0.9020370761049445
