Test Results: 

Accuracy: 0.8751736111111111
Precision: 0.8772744384489899
Recall: 0.8556915544675643
F1: 0.8663485965673214
Cohen Kappa: 0.749288046704728
