Test Results: 

Accuracy: 0.9549189814814815
Precision: 0.9219074333800842
Recall: 0.9899993975540695
F1: 0.9547408784568906
Cohen Kappa: 0.9099498913844217
