Test Results: 

Accuracy: 0.8444733796296297
Precision: 0.7616317016317017
Recall: 0.9842159166214832
F1: 0.8587347893505742
Cohen Kappa: 0.691877110320833
