Test Results: 

Accuracy: 0.7221064814814815
Precision: 0.7050555642510565
Recall: 0.9919841444615723
F1: 0.8242634949679781
Cohen Kappa: 0.24234599699530834
