Test Results: 

Accuracy: 0.9113425925925925
Precision: 0.9055969693266528
Recall: 0.9070379436964504
F1: 0.9063168837522168
Cohen Kappa: 0.8221735233824067
