Test Results: 

Accuracy: 0.6955150462962963
Precision: 0.6685348278622898
Recall: 0.8815921448556195
F1: 0.760421646973112
Cohen Kappa: 0.3637449163433851
