Test Results: 

Accuracy: 0.8590567129629629
Precision: 0.8020779666838399
Recall: 0.9862218233648313
F1: 0.8846691132946607
Cohen Kappa: 0.7083480578429048
