Test Results: 

Accuracy: 0.7095486111111111
Precision: 0.7913749100189779
Recall: 0.6383888507628147
F1: 0.7066970546984571
Cohen Kappa: 0.42549328439613343
