Test Results: 

Accuracy: 0.7363136574074074
Precision: 0.8915375446960667
Recall: 0.5035495716034272
F1: 0.6435918495052603
Cohen Kappa: 0.458913544650962
