Test Results: 

Accuracy: 0.8327546296296297
Precision: 0.796196566812521
Recall: 0.8686046511627907
F1: 0.830825967335948
Cohen Kappa: 0.6660832055883883
