Test Results: 

Accuracy: 0.9443576388888889
Precision: 0.9162695711368277
Recall: 0.973070666907645
F1: 0.9438162853887281
Cohen Kappa: 0.8888035308589356
