Test Results: 

Accuracy: 0.9038194444444444
Precision: 0.8396704365180901
Recall: 0.9884932827278752
F1: 0.9080243497509684
Cohen Kappa: 0.8086257221137383
