Test Results: 

Accuracy: 0.9435474537037037
Precision: 0.9232055464926591
Recall: 0.9970050649636644
F1: 0.9586871360508206
Cohen Kappa: 0.8699942233845722
