Test Results: 

Accuracy: 0.9360243055555556
Precision: 0.915396465055943
Recall: 0.9945386478749174
F1: 0.9533278449749858
Cohen Kappa: 0.8522114278088415
