Test Results: 

Accuracy: 0.8075231481481482
Precision: 0.9288243626062322
Recall: 0.6421052631578947
F1: 0.7592994644666377
Cohen Kappa: 0.6076553560623106
