Test Results: 

Accuracy: 0.7082175925925925
Precision: 0.8755102040816326
Recall: 0.446328029375765
F1: 0.591244426428861
Cohen Kappa: 0.39951658491433406
