Test Results: 

Accuracy: 0.884375
Precision: 0.9207484370080511
Recall: 0.9016075754239155
F1: 0.9110774845342472
Cohen Kappa: 0.7458827036374099
