Test Results: 

Accuracy: 0.7440972222222222
Precision: 0.7222810224830816
Recall: 0.9918520149746752
F1: 0.8358696459060203
Cohen Kappa: 0.31529195205162985
