Test Results: 

Accuracy: 0.8793402777777778
Precision: 0.8530811187188116
Recall: 0.8997552019583843
F1: 0.8757967474831715
Cohen Kappa: 0.758645605053351
