Test Results: 

Accuracy: 0.8048321759259259
Precision: 0.9346742774304612
Recall: 0.6313341493268054
F1: 0.7536253059137232
Cohen Kappa: 0.601839210319353
