Test Results: 

Accuracy: 0.9218460648148148
Precision: 0.8845654993514915
Recall: 0.9599755201958384
F1: 0.9207290229800722
Cohen Kappa: 0.8439147170085419
