Test Results: 

Accuracy: 0.9254918981481481
Precision: 0.9018039581995446
Recall: 0.9453488372093023
F1: 0.9230631330484925
Cohen Kappa: 0.8509129271318168
