Test Results: 

Accuracy: 0.8843460648148148
Precision: 0.9212754458656098
Recall: 0.9009469279894297
F1: 0.9109977955420964
Cohen Kappa: 0.7459661909397957
