Test Results: 

Accuracy: 0.9421585648148149
Precision: 0.9206142845535061
Recall: 0.9980180576965426
F1: 0.9577548130771993
Cohen Kappa: 0.8665332619557596
