Test Results: 

Accuracy: 0.8232349537037037
Precision: 0.8573025075085563
Recall: 0.7511627906976744
F1: 0.8007306651009558
Cohen Kappa: 0.6431412555721824
