Test Results: 

Accuracy: 0.8660011574074075
Precision: 0.8079703907729385
Recall: 0.9910784986538563
F1: 0.8902060266957491
Cohen Kappa: 0.7228075448801472
