Test Results: 

Accuracy: 0.9389756944444444
Precision: 0.9154764786573065
Recall: 0.9993833957278132
F1: 0.9555915857741467
Cohen Kappa: 0.8586794122112229
