Test Results: 

Accuracy: 0.8600405092592592
Precision: 0.8041134874094515
Recall: 0.9844797550546376
F1: 0.8852023258573631
Cohen Kappa: 0.7105506027383819
