Test Results: 

Accuracy: 0.8584490740740741
Precision: 0.8042000432994154
Recall: 0.9804677189463126
F1: 0.8836290974832293
Cohen Kappa: 0.7074228046148028
