Test Results: 

Accuracy: 0.7823784722222222
Precision: 0.9450893307762188
Recall: 0.5730110159118728
F1: 0.7134529660532632
Cohen Kappa: 0.5544146837199502
