Test Results: 

Accuracy: 0.48457002279222894
Precision: 0.48457002279222894
Recall: 1.0
F1: 0.6528085780431339
Cohen Kappa: 0.0
