Test Results: 

Accuracy: 0.731568287037037
Precision: 0.8461538461538461
Recall: 0.6236604550493586
F1: 0.71806716304513
Cohen Kappa: 0.47287733413139665
