Test Results: 

Accuracy: 0.6374421296296297
Precision: 0.8389679715302492
Recall: 0.2885556915544676
F1: 0.42941712204007293
Cohen Kappa: 0.24725383989598027
