Test Results: 

Accuracy: 0.9422164351851852
Precision: 0.9216484769506434
Recall: 0.9967848491521691
F1: 0.957745286811536
Cohen Kappa: 0.866828698459939
