Test Results: 

Accuracy: 0.9196180555555555
Precision: 0.9111881474144691
Recall: 0.9724289804007927
F1: 0.9408130219873871
Cohen Kappa: 0.815999146764302
