Test Results: 

Accuracy: 0.9545717592592593
Precision: 0.9194529723695227
Recall: 0.9923489366829327
F1: 0.9545112128411659
Cohen Kappa: 0.9092749080542145
