Test Results: 

Accuracy: 0.9424768518518518
Precision: 0.9195933082189006
Recall: 0.9998678705131029
F1: 0.9580519918973667
Cohen Kappa: 0.8670642822501792
