Test Results: 

Accuracy: 0.8123553240740741
Precision: 0.9348689436060366
Recall: 0.6482864137086903
F1: 0.7656391167648441
Cohen Kappa: 0.617548207318654
