Test Results: 

Accuracy: 0.7793113425925926
Precision: 0.7100834257607176
Recall: 0.9011627906976745
F1: 0.7942929578984276
Cohen Kappa: 0.5633743846819846
