Test Results: 

Accuracy: 0.932957175925926
Precision: 0.9074666240306979
Recall: 0.9999119136754019
F1: 0.951448986861681
Cohen Kappa: 0.8439802080705012
