Test Results: 

Accuracy: 0.741087962962963
Precision: 0.7841587536248366
Recall: 0.7280261838146017
F1: 0.7550506433068711
Cohen Kappa: 0.48128903834355763
