Test Results: 

Accuracy: 0.7890335648148148
Precision: 0.8973390708702906
Recall: 0.6253365973072216
F1: 0.7370433151801493
Cohen Kappa: 0.5700917269281426
