Test Results: 

Accuracy: 0.9423611111111111
Precision: 0.9210815206342753
Recall: 0.9977537987227483
F1: 0.9578858350951375
Cohen Kappa: 0.8670535768512794
