Test Results: 

Accuracy: 0.8990451388888889
Precision: 0.8623470365984323
Recall: 0.9358629130966952
F1: 0.8976022070260911
Cohen Kappa: 0.7983778036441329
