Test Results: 

Accuracy: 0.95390625
Precision: 0.9142557420494699
Recall: 0.9975902162780891
F1: 0.9541067673071936
Cohen Kappa: 0.9079870949606296
