Test Results: 

Accuracy: 0.9499421296296297
Precision: 0.9147559274755928
Recall: 0.9878305922043497
F1: 0.9498899316417564
Cohen Kappa: 0.9000313154552833
