Test Results: 

Accuracy: 0.7789930555555555
Precision: 0.9488343305137198
Recall: 0.5629130966952265
F1: 0.7066144272873935
Cohen Kappa: 0.5471721106801732
