Test Results: 

Accuracy: 0.9170717592592592
Precision: 0.89060838747785
Recall: 0.9961242017176833
F1: 0.9404158004158004
Cohen Kappa: 0.805461760166301
