Test Results: 

Accuracy: 0.7096064814814815
Precision: 0.7991536239672197
Recall: 0.6280420207992399
F1: 0.7033402305645876
Cohen Kappa: 0.42685157711702326
