Test Results: 

Accuracy: 0.72734375
Precision: 0.8245602072821492
Recall: 0.6383888507628147
F1: 0.7196286708917254
Cohen Kappa: 0.46251240016842365
