Test Results: 

Accuracy: 0.7497106481481481
Precision: 0.9763873906268729
Recall: 0.4907524549671667
F1: 0.6531954133589928
Cohen Kappa: 0.4890061085738332
