Test Results: 

Accuracy: 0.9454282407407407
Precision: 0.9255549650464004
Recall: 0.9971371944505616
F1: 0.9600135690963831
Cohen Kappa: 0.8744804542494607
