Test Results: 

Accuracy: 0.8596064814814814
Precision: 0.916111272095045
Recall: 0.7739290085679315
F1: 0.8390392781316348
Cohen Kappa: 0.7161064319162475
