Test Results: 

Accuracy: 0.9513888888888888
Precision: 0.9118312814000994
Recall: 0.9949996987770348
F1: 0.951601751555658
Cohen Kappa: 0.9029621289471937
