Test Results: 

Accuracy: 0.7360243055555555
Precision: 0.8898131143999136
Recall: 0.5041003671970624
F1: 0.6435910458256827
Cohen Kappa: 0.4583687760168309
