Test Results: 

Accuracy: 0.8610243055555555
Precision: 0.8237638210697649
Recall: 0.8982252141982864
F1: 0.8593846063764381
Cohen Kappa: 0.7225176943956263
