Test Results: 

Accuracy: 0.83671875
Precision: 0.9212412380877373
Recall: 0.7158506731946145
F1: 0.8056617419154872
Cohen Kappa: 0.6686570590584715
