Test Results: 

Accuracy: 0.9516493055555556
Precision: 0.9186203028603477
Recall: 0.9867461895294898
F1: 0.9514653344564176
Cohen Kappa: 0.903419757539938
