Test Results: 

Accuracy: 0.9359375
Precision: 0.9114162952254748
Recall: 0.9996476547016075
F1: 0.9534952108889263
Cohen Kappa: 0.8512774806372753
