Test Results: 

Accuracy: 0.9289641203703703
Precision: 0.9015518573133909
Recall: 0.9580628311320051
F1: 0.9289487012517185
Cohen Kappa: 0.8580592542425133
