Test Results: 

Accuracy: 0.7736400462962963
Precision: 0.857887217413228
Recall: 0.6247246022031824
F1: 0.7229717766209851
Cohen Kappa: 0.5394790479506968
