Test Results: 

Accuracy: 0.9445601851851851
Precision: 0.9235219818278124
Recall: 0.998282316670337
F1: 0.9594480189637656
Cohen Kappa: 0.8722650034505658
