Test Results: 

Accuracy: 0.8455150462962963
Precision: 0.8018281860134895
Recall: 0.9539143747030565
F1: 0.8712842643265266
Cohen Kappa: 0.6817130305248571
