Test Results: 

Accuracy: 0.9414351851851852
Precision: 0.9140860276152054
Recall: 0.9691547683595397
F1: 0.9408152523539389
Cohen Kappa: 0.8829555236230457
