Test Results: 

Accuracy: 0.9453993055555555
Precision: 0.9247531216844854
Recall: 0.9981061440211407
F1: 0.9600305013662069
Cohen Kappa: 0.8742957088806034
