Test Results: 

Accuracy: 0.7228877314814814
Precision: 0.802949928839436
Recall: 0.6552288444280209
F1: 0.7216069300311037
Cohen Kappa: 0.45134288521505406
