Test Results: 

Accuracy: 0.8655092592592593
Precision: 0.8077767730267408
Recall: 0.9902866494219501
F1: 0.8897690082056634
Cohen Kappa: 0.7218108277510067
