Test Results: 

Accuracy: 0.7168402777777778
Precision: 0.7421589887343312
Recall: 0.7407485614738953
F1: 0.7414531043593131
Cohen Kappa: 0.4285020192404274
