Test Results: 

Accuracy: 0.8557291666666667
Precision: 0.9181644077784326
Recall: 0.7628518971848225
F1: 0.8333333333333333
Cohen Kappa: 0.7080541442868149
