Test Results: 

Accuracy: 0.8619212962962963
Precision: 0.8061352343918773
Recall: 0.9849548645937813
F1: 0.8866185135905722
Cohen Kappa: 0.7145175193587022
