Test Results: 

Accuracy: 0.8828414351851852
Precision: 0.9209386281588448
Recall: 0.898832856199075
F1: 0.9097514766521787
Cohen Kappa: 0.7428870031500299
