Test Results: 

Accuracy: 0.9076967592592593
Precision: 0.9075750061988594
Recall: 0.8960220318237454
F1: 0.9017615176151761
Cohen Kappa: 0.8147239399073566
