Test Results: 

Accuracy: 0.9259259259259259
Precision: 0.9189717565825049
Recall: 0.9730455846729795
F1: 0.9452359560176271
Cohen Kappa: 0.8311056650032134
