Test Results: 

Accuracy: 0.7363425925925926
Precision: 0.8488892043438143
Recall: 0.6313677875732461
F1: 0.7241462823928313
Cohen Kappa: 0.4818928846104369
