Test Results: 

Accuracy: 0.9465856481481482
Precision: 0.9101017401456608
Recall: 0.9862039881920598
F1: 0.9466258023477708
Cohen Kappa: 0.8933432720832393
