Test Results: 

Accuracy: 0.9391276041666666
Precision: 0.9020172910662824
Recall: 0.9809715692858741
F1: 0.9398391420911527
Cohen Kappa: 0.8784569818656467
