Test Results: 

Accuracy: 0.8794270833333333
Precision: 0.8110799719747773
Recall: 0.9763841195252726
F1: 0.8860884065498483
Cohen Kappa: 0.7603310857049987
