Test Results: 

Accuracy: 0.9443865740740741
Precision: 0.9154730227028252
Recall: 0.974155069582505
F1: 0.9439028661490865
Cohen Kappa: 0.8888702190060904
