Test Results: 

Accuracy: 0.8623553240740741
Precision: 0.8059173639265074
Recall: 0.9864329831600064
F1: 0.8870849058843078
Cohen Kappa: 0.7153476934335449
