Test Results: 

Accuracy: 0.8389756944444444
Precision: 0.8578545333776154
Recall: 0.7903916768665851
F1: 0.8227424749163879
Cohen Kappa: 0.675679722799031
