Test Results: 

Accuracy: 0.946412037037037
Precision: 0.901584880997767
Recall: 0.9972889933128501
F1: 0.9470251716247139
Cohen Kappa: 0.8930876545191185
