Test Results: 

Accuracy: 0.772337962962963
Precision: 0.9476854787571338
Recall: 0.5487760097919216
F1: 0.6950623982637004
Cohen Kappa: 0.5331870120420472
