Test Results: 

Accuracy: 0.9409722222222222
Precision: 0.9159001314060446
Recall: 0.9657810711488644
F1: 0.9401794616151544
Cohen Kappa: 0.8820044553400108
