Test Results: 

Accuracy: 0.9420138888888889
Precision: 0.9229009193054137
Recall: 0.9948469500110108
F1: 0.9575243747350572
Cohen Kappa: 0.8665881380048448
