Test Results: 

Accuracy: 0.7883391203703703
Precision: 0.9479797478407624
Recall: 0.5843941248470013
F1: 0.7230530420626208
Cohen Kappa: 0.5668509856392121
