Test Results: 

Accuracy: 0.819675925925926
Precision: 0.9338942307692307
Recall: 0.6657282741738066
F1: 0.7773331427754753
Cohen Kappa: 0.6328422302133156
