Test Results: 

Accuracy: 0.7222511574074074
Precision: 0.7760902966552417
Recall: 0.6932903975083144
F1: 0.7323574515544402
Cohen Kappa: 0.44560767802659407
