Test Results: 

Accuracy: 0.8038773148148148
Precision: 0.7903044634939402
Recall: 0.8053497198626424
F1: 0.7977561616041058
Cohen Kappa: 0.6074278371898547
