Test Results: 

Accuracy: 0.8633680555555555
Precision: 0.8059200619541367
Recall: 0.9888613208045188
F1: 0.8880671312757787
Cohen Kappa: 0.7173492649250708
