Test Results: 

Accuracy: 0.921225937183384
Precision: 0.9053506869125091
Recall: 0.9351706624841287
F1: 0.920019104302142
Cohen Kappa: 0.8424561220262425
