Test Results: 

Accuracy: 0.8931712962962963
Precision: 0.8325003864186717
Recall: 0.9734321344659317
F1: 0.8974672295045546
Cohen Kappa: 0.7873749964793162
