Test Results: 

Accuracy: 0.9480324074074075
Precision: 0.9117205317906214
Recall: 0.9874088800530152
F1: 0.9480564553447478
Cohen Kappa: 0.8962297697047313
