Test Results: 

Accuracy: 0.7435185185185185
Precision: 0.98788949161095
Recall: 0.4717754081571179
F1: 0.638587621299845
Cohen Kappa: 0.4758565497230054
