Test Results: 

Accuracy: 0.9513599537037037
Precision: 0.9161459495648293
Recall: 0.9892764624374962
F1: 0.9513078237696608
Cohen Kappa: 0.9028625772163739
