Test Results: 

Accuracy: 0.9418402777777778
Precision: 0.9186728707262796
Recall: 1.0
F1: 0.9576128215942641
Cohen Kappa: 0.8655141100548365
