Test Results: 

Accuracy: 0.9449942129629629
Precision: 0.9240867579908676
Recall: 0.998282316670337
F1: 0.9597527152626342
Cohen Kappa: 0.8733047925392822
