Test Results: 

Accuracy: 0.9442997685185185
Precision: 0.9241508817766166
Recall: 0.9970491081259635
F1: 0.9592169657422513
Cohen Kappa: 0.8717911163392325
