Test Results: 

Accuracy: 0.8842303240740741
Precision: 0.9534264324791247
Recall: 0.7979396349177661
F1: 0.8687809517562559
Cohen Kappa: 0.7666576444606321
