Test Results: 

Accuracy: 0.8546875
Precision: 0.8880811959950624
Recall: 0.7925336597307222
F1: 0.8375913589030464
Cohen Kappa: 0.7068854566681038
