Test Results: 

Accuracy: 0.9226273148148149
Precision: 0.900315760022383
Recall: 0.9920722307861705
F1: 0.9439694912413042
Cohen Kappa: 0.8199370982114892
