Test Results: 

Accuracy: 0.9443576388888889
Precision: 0.9247118450094008
Recall: 0.9964325038537767
F1: 0.9592334273176317
Cohen Kappa: 0.8720046099146677
