Test Results: 

Accuracy: 0.7355613425925925
Precision: 0.6470472285736814
Recall: 0.988794505693114
F1: 0.7822232813058501
Cohen Kappa: 0.48069930564698504
