Test Results: 

Accuracy: 0.9021701388888889
Precision: 0.9032298213952331
Recall: 0.888249694002448
F1: 0.8956771267240582
Cohen Kappa: 0.8035915141010863
