Test Results: 

Accuracy: 0.7674479166666667
Precision: 0.9540632177622225
Recall: 0.533843329253366
F1: 0.6846132715928266
Cohen Kappa: 0.5226687011998847
