Test Results: 

Accuracy: 0.9445891203703703
Precision: 0.9244243018128369
Recall: 0.9971812376128606
F1: 0.959425387206814
Cohen Kappa: 0.8724678030456313
