Test Results: 

Accuracy: 0.925318287037037
Precision: 0.885039458219063
Recall: 0.9677478580171358
F1: 0.9245476072148975
Cohen Kappa: 0.8509120736614633
