Test Results: 

Accuracy: 0.8325520833333333
Precision: 0.8828822291560845
Recall: 0.7446144430844553
F1: 0.8078749045516417
Cohen Kappa: 0.6613742050962561
