Test Results: 

Accuracy: 0.8678819444444444
Precision: 0.9220531434687514
Recall: 0.8726712177934376
F1: 0.896682807620944
Cohen Kappa: 0.7138846423620583
