Test Results: 

Accuracy: 0.8130787037037037
Precision: 0.931064572425829
Recall: 0.652998776009792
F1: 0.7676258992805756
Cohen Kappa: 0.6191801795532048
