Test Results: 

Accuracy: 0.9365740740740741
Precision: 0.926129045660393
Recall: 0.9817661308081921
F1: 0.9531363578056186
Cohen Kappa: 0.8553003073426735
