Test Results: 

Accuracy: 0.7928819444444445
Precision: 0.9459879541480474
Recall: 0.5959608323133415
F1: 0.7312457760756926
Cohen Kappa: 0.5764490659845121
