Test Results: 

Accuracy: 0.7619791666666667
Precision: 0.7837437119406937
Recall: 0.7813440320962889
F1: 0.7825420323569843
Cohen Kappa: 0.5196647063841621
