Test Results: 

Accuracy: 0.8466724537037037
Precision: 0.8588235294117647
Recall: 0.8086291309669522
F1: 0.832970843183609
Cohen Kappa: 0.6915045662800425
