Test Results: 

Accuracy: 0.6979456018518518
Precision: 0.9448213478064225
Recall: 0.3835373317013464
F1: 0.5455970051799939
Cohen Kappa: 0.3749409803284395
