Test Results: 

Accuracy: 0.9087962962962963
Precision: 0.8781280216592535
Recall: 0.999955956837701
F1: 0.9350906095551894
Cohen Kappa: 0.7839306146157936
