Test Results: 

Accuracy: 0.953587962962963
Precision: 0.916365857721997
Recall: 0.9940960298813182
F1: 0.953649656128995
Cohen Kappa: 0.9073295768556806
