Test Results: 

Accuracy: 0.9323784722222223
Precision: 0.9266800737388973
Recall: 0.9741466637304559
F1: 0.949820711571082
Cohen Kappa: 0.8463684453803092
