Test Results: 

Accuracy: 0.8440972222222223
Precision: 0.8016646637290248
Recall: 0.9507997677242253
F1: 0.8698865008452064
Cohen Kappa: 0.6789189802220466
