Test Results: 

Accuracy: 0.8687789351851852
Precision: 0.8722330831809295
Recall: 0.8464504283965728
F1: 0.8591483678603596
Cohen Kappa: 0.7363769280293215
