Test Results: 

Accuracy: 0.7370081018518518
Precision: 0.9969560614081525
Recall: 0.45382251942888124
F1: 0.6237217967294556
Cohen Kappa: 0.4620868547314838
