Test Results: 

Accuracy: 0.7432002314814815
Precision: 0.7794803464357095
Recall: 0.7411708810642453
F1: 0.7598430523609795
Cohen Kappa: 0.48429806651723684
