Test Results: 

Accuracy: 0.8541666666666666
Precision: 0.8034926871862039
Recall: 0.9715462176001689
F1: 0.8795641368763143
Cohen Kappa: 0.6989006082320974
