Test Results: 

Accuracy: 0.9433738425925926
Precision: 0.9240516677567038
Recall: 0.9956397269323938
F1: 0.9585108863872459
Cohen Kappa: 0.8697470045280659
