Test Results: 

Accuracy: 0.8496527777777778
Precision: 0.8421763694423975
Recall: 0.8392900856793145
F1: 0.8407307503678273
Cohen Kappa: 0.698359778078611
