Test Results: 

Accuracy: 0.8647280092592593
Precision: 0.8075795464344226
Recall: 0.9888085308557251
F1: 0.8890523767710088
Cohen Kappa: 0.7202415715968565
