Test Results: 

Accuracy: 0.9506655092592593
Precision: 0.9140903024911032
Recall: 0.9903608651123562
F1: 0.9506983199838072
Cohen Kappa: 0.9014891856375149
