Test Results: 

Accuracy: 0.8607638888888889
Precision: 0.8027595663538587
Recall: 0.9889669007021064
F1: 0.8861873226111636
Cohen Kappa: 0.7118059631233635
