Test Results: 

Accuracy: 0.7125868055555555
Precision: 0.7907952491608572
Recall: 0.6467296626722272
F1: 0.7115434877305068
Cohen Kappa: 0.43084129564827667
