Test Results: 

Accuracy: 0.9410590277777777
Precision: 0.9198764830164148
Recall: 0.9971371944505616
F1: 0.956949933427732
Cohen Kappa: 0.8640018267359497
