Test Results: 

Accuracy: 0.8516782407407407
Precision: 0.9258696642867993
Recall: 0.7460220318237454
F1: 0.826272622517454
Cohen Kappa: 0.699464230530839
