Test Results: 

Accuracy: 0.948582175925926
Precision: 0.9136987830746902
Recall: 0.9860834990059643
F1: 0.9485121548402051
Cohen Kappa: 0.8973128308658799
