Test Results: 

Accuracy: 0.6638020833333333
Precision: 0.8977468427095293
Recall: 0.5510240035234529
F1: 0.682896209164597
Cohen Kappa: 0.36611550939636217
