Test Results: 

Accuracy: 0.589207175925926
Precision: 0.5393718856543405
Recall: 0.991204289415025
F1: 0.6985966923550517
Cohen Kappa: 0.20246744300521713
