Test Results: 

Accuracy: 0.9445891203703703
Precision: 0.9237322680580466
Recall: 0.9980621008588416
F1: 0.9594597455384549
Cohen Kappa: 0.8723610573783549
