Test Results: 

Accuracy: 0.7447916666666666
Precision: 0.911261181209644
Recall: 0.6775159656463334
F1: 0.7771939574597079
Cohen Kappa: 0.49325677470772455
