Test Results: 

Accuracy: 0.8149594907407407
Precision: 0.900523560209424
Recall: 0.6842105263157895
F1: 0.777603894974787
Cohen Kappa: 0.6241629546845118
