Test Results: 

Accuracy: 0.9518229166666666
Precision: 0.9114502975534494
Recall: 0.9965058136032291
F1: 0.9520821941462573
Cohen Kappa: 0.9038362000314529
