Test Results: 

Accuracy: 0.951880787037037
Precision: 0.9161836825679893
Recall: 0.990421109705404
F1: 0.9518571056364531
Cohen Kappa: 0.9039070928548998
