Test Results: 

Accuracy: 0.8591435185185186
Precision: 0.8044823259637434
Recall: 0.9815763078709814
F1: 0.884249571999239
Cohen Kappa: 0.7088280127650951
