Test Results: 

Accuracy: 0.9435185185185185
Precision: 0.9150467554548031
Recall: 0.9727091993493584
F1: 0.9429973133979677
Cohen Kappa: 0.8871309936174189
