Test Results: 

Accuracy: 0.7271412037037037
Precision: 0.76213833011849
Recall: 0.7300322018687642
F1: 0.7457398619499569
Cohen Kappa: 0.45164069156638065
