Test Results: 

Accuracy: 0.9497685185185185
Precision: 0.9245358469008854
Recall: 0.9749984938851738
F1: 0.9490968801313628
Cohen Kappa: 0.8995885629073984
