Test Results: 

Accuracy: 0.9160300925925926
Precision: 0.9250482936252414
Recall: 0.9490861043822947
F1: 0.936913043478261
Cohen Kappa: 0.811455724633533
