Test Results: 

Accuracy: 0.8740451388888889
Precision: 0.9121793549274465
Recall: 0.811750305997552
F1: 0.8590395388750364
Cohen Kappa: 0.7458992984819393
