Test Results: 

Accuracy: 0.7412037037037037
Precision: 0.7635616005060889
Recall: 0.7646096183286702
F1: 0.7640852500527537
Cohen Kappa: 0.4774923673531678
