Test Results: 

Accuracy: 0.9422453703703704
Precision: 0.9193613233013612
Recall: 0.9643352009157178
F1: 0.9413113790061746
Cohen Kappa: 0.8845252406535201
