Test Results: 

Accuracy: 0.8434317129629629
Precision: 0.8274704860070714
Recall: 0.8450428396572828
F1: 0.8361643503799921
Cohen Kappa: 0.6862777729424994
