Test Results: 

Accuracy: 0.9445601851851851
Precision: 0.9230737921771338
Recall: 0.9988548777802246
F1: 0.9594703219528705
Cohen Kappa: 0.8721954545853723
