Test Results: 

Accuracy: 0.9448206018518519
Precision: 0.9234465347340989
Recall: 0.9988108346179255
F1: 0.9596513128663013
Cohen Kappa: 0.8728250845907372
