Test Results: 

Accuracy: 0.7088252314814815
Precision: 0.9847226342331652
Recall: 0.39996385324417133
F1: 0.568870228353541
Cohen Kappa: 0.403309884384784
