Test Results: 

Accuracy: 0.8591145833333333
Precision: 0.8009580018817894
Recall: 0.9886501610093438
F1: 0.8849616066154754
Cohen Kappa: 0.708316539306634
