Test Results: 

Accuracy: 0.8401041666666667
Precision: 0.7882196162046908
Recall: 0.9049571603427172
F1: 0.8425641025641026
Cohen Kappa: 0.6816913653006638
