Test Results: 

Accuracy: 0.8381944444444445
Precision: 0.9527766351295763
Recall: 0.6976926320862703
F1: 0.8055227098838423
Cohen Kappa: 0.6725616724912238
