Test Results: 

Accuracy: 0.9179398148148148
Precision: 0.8965233732675593
Recall: 0.9342717258261934
F1: 0.915008391273076
Cohen Kappa: 0.8357493285327142
