Test Results: 

Accuracy: 0.9422743055555556
Precision: 0.9211061407076048
Recall: 0.997577626073552
F1: 0.9578179511576276
Cohen Kappa: 0.8668673038887332
