Test Results: 

Accuracy: 0.9401041666666666
Precision: 0.9237688421571446
Recall: 0.9905747632680026
F1: 0.9560061208875287
Cohen Kappa: 0.8625620137253172
