Test Results: 

Accuracy: 0.9339409722222223
Precision: 0.9233416252072969
Recall: 0.980885267562211
F1: 0.9512439935931661
Cohen Kappa: 0.8491336999993117
