Test Results: 

Accuracy: 0.95390625
Precision: 0.9237546594374788
Recall: 0.985360563889391
F1: 0.9535636204634893
Cohen Kappa: 0.9079019786729436
