Test Results: 

Accuracy: 0.9385127314814815
Precision: 0.9240850642927795
Recall: 0.987535785069368
F1: 0.9547573931742214
Cohen Kappa: 0.8591539571524244
