Test Results: 

Accuracy: 0.9391493055555555
Precision: 0.9254150491451226
Recall: 0.9869191807971812
F1: 0.9551780728489524
Cohen Kappa: 0.8607570001622721
