Test Results: 

Accuracy: 0.932494212962963
Precision: 0.9254803675856308
Recall: 0.9758203038978198
F1: 0.949983921106228
Cohen Kappa: 0.8464031601578708
