Test Results: 

Accuracy: 0.8801793981481482
Precision: 0.8876882984809
Recall: 0.8547123623011016
F1: 0.8708882860973406
Cohen Kappa: 0.7591860275794696
