Test Results: 

Accuracy: 0.7559317129629629
Precision: 0.9323925172300623
Recall: 0.5216034271725826
F1: 0.6689690357521291
Cohen Kappa: 0.49902755732008786
