Test Results: 

Accuracy: 0.9433252558862888
Precision: 0.8960048183095763
Recall: 0.9990299955230563
F1: 0.944716881284177
Cohen Kappa: 0.8869300948390578
