Test Results: 

Accuracy: 0.7674189814814815
Precision: 0.9389805414551607
Recall: 0.543390452876377
F1: 0.6884013025275237
Cohen Kappa: 0.5230915785205964
