Test Results: 

Accuracy: 0.7964409722222222
Precision: 0.9031279785113941
Recall: 0.6378824969400245
F1: 0.7476776299271906
Cohen Kappa: 0.5853913732478311
