Test Results: 

Accuracy: 0.8423611111111111
Precision: 0.8009186995495696
Recall: 0.9480546903869503
F1: 0.8682976357394963
Cohen Kappa: 0.6754253713168838
