Test Results: 

Accuracy: 0.9486689814814815
Precision: 0.9145925387325913
Recall: 0.9851195855171998
F1: 0.9485468994721272
Cohen Kappa: 0.8974780195197146
