Test Results: 

Accuracy: 0.9397280092592593
Precision: 0.9170441676104191
Recall: 0.9985906188064303
F1: 0.9560817221531132
Cohen Kappa: 0.8606034435684723
