Test Results: 

Accuracy: 0.8642071759259259
Precision: 0.8074035723530935
Recall: 0.9879111017262313
F1: 0.8885828921440612
Cohen Kappa: 0.7191903019531567
