Test Results: 

Accuracy: 0.9443287037037037
Precision: 0.9247782183884551
Recall: 0.9963003743668796
F1: 0.9592079039986431
Cohen Kappa: 0.8719514284071911
