Test Results: 

Accuracy: 0.8329861111111111
Precision: 0.7998184294144348
Recall: 0.8626682986536107
F1: 0.8300553527264161
Cohen Kappa: 0.6663335583197423
