Test Results: 

Accuracy: 0.9363715277777778
Precision: 0.9173994463442436
Recall: 0.992512662409161
F1: 0.9534790243076857
Cohen Kappa: 0.853333626675961
