Test Results: 

Accuracy: 0.9481481481481482
Precision: 0.9158568780542605
Recall: 0.9822880896439544
F1: 0.9479100052322539
Cohen Kappa: 0.8964198449113486
