Test Results: 

Accuracy: 0.7698206018518519
Precision: 0.8061065299754847
Recall: 0.7637649791479703
F1: 0.7843647502100782
Cohen Kappa: 0.5379221224194162
