Test Results: 

Accuracy: 0.9378472222222223
Precision: 0.913738276375639
Recall: 0.9997797841885048
F1: 0.9548245983006647
Cohen Kappa: 0.8558932868991964
