Test Results: 

Accuracy: 0.9318576388888888
Precision: 0.9098195585629129
Recall: 0.9948909931733099
F1: 0.950455473039783
Cohen Kappa: 0.8420558081587266
