Test Results: 

Accuracy: 0.9022858796296296
Precision: 0.9020033492526205
Recall: 0.8900244798041616
F1: 0.8959738779533623
Cohen Kappa: 0.8038573521460497
