Test Results: 

Accuracy: 0.702025462962963
Precision: 0.9679368029739777
Recall: 0.38243574051407586
F1: 0.5482540796630988
Cohen Kappa: 0.38302797716027914
