Test Results: 

Accuracy: 0.9219907407407407
Precision: 0.9005401596993894
Recall: 0.9386780905752754
F1: 0.9192137120939711
Cohen Kappa: 0.8438595804444806
