Test Results: 

Accuracy: 0.9532986111111111
Precision: 0.9229944108846609
Recall: 0.9849388517380565
F1: 0.9529610631848916
Cohen Kappa: 0.9066893686831152
