Test Results: 

Accuracy: 0.73359375
Precision: 0.8499137435307648
Recall: 0.6241883545372962
F1: 0.7197686805661239
Cohen Kappa: 0.4769977574971026
