Test Results: 

Accuracy: 0.8011863425925926
Precision: 0.905524625267666
Recall: 0.6470012239902081
F1: 0.7547385329287882
Cohen Kappa: 0.5952306227429409
