Test Results: 

Accuracy: 0.9332272299790205
Precision: 0.9039228026012167
Recall: 0.964773490558997
F1: 0.9333574007220217
Cohen Kappa: 0.866595960504627
