Test Results: 

Accuracy: 0.9286748208728378
Precision: 0.8861975642760487
Recall: 0.97841189213416
F1: 0.9300244967515177
Cohen Kappa: 0.8576583861626381
