Test Results: 

Accuracy: 0.9214657791925915
Precision: 0.8807488807488808
Recall: 0.9691722027319549
F1: 0.9228472937915349
Cohen Kappa: 0.8432523595910218
