Test Results: 

Accuracy: 0.9522858796296296
Precision: 0.9140356707654813
Recall: 0.9941562744743659
F1: 0.9524139324156639
Cohen Kappa: 0.9047399149468685
