Test Results: 

Accuracy: 0.7388888888888889
Precision: 0.8118201823325998
Recall: 0.6816238188248958
F1: 0.7410468319559228
Cohen Kappa: 0.48174649103922673
