Test Results: 

Accuracy: 0.7147280092592593
Precision: 0.6276641846905409
Recall: 0.975030599755202
F1: 0.7637034729046329
Cohen Kappa: 0.4436477716555043
