Test Results: 

Accuracy: 0.7796006944444445
Precision: 0.9466461853558628
Recall: 0.5657282741738066
F1: 0.7082168167017812
Cohen Kappa: 0.548520499989195
