Test Results: 

Accuracy: 0.9291087962962963
Precision: 0.9071356783919599
Recall: 0.9938339572781326
F1: 0.9485077763766289
Cohen Kappa: 0.8355216160032308
