Test Results: 

Accuracy: 0.9434027777777778
Precision: 0.9232589449634858
Recall: 0.996696762827571
F1: 0.9585733649610302
Cohen Kappa: 0.8696855816815519
