Test Results: 

Accuracy: 0.6864293981481482
Precision: 0.8248116685366245
Recall: 0.5433141529852716
F1: 0.6551032748798574
Cohen Kappa: 0.3891942076609668
