Test Results: 

Accuracy: 0.7893229166666667
Precision: 0.7142924729147939
Recall: 0.9239902080783354
F1: 0.8057208421164982
Cohen Kappa: 0.5837005389181891
