Test Results: 

Accuracy: 0.9520833333333333
Precision: 0.9246376811594202
Recall: 0.9801192842942346
F1: 0.9515704509563082
Cohen Kappa: 0.9042354645213377
