Test Results: 

Accuracy: 0.9346064814814815
Precision: 0.922406174512461
Recall: 0.9431893487559492
F1: 0.9326819969021803
Cohen Kappa: 0.8691213268002446
