Test Results: 

Accuracy: 0.947019675925926
Precision: 0.906831955922865
Recall: 0.9915657569733116
F1: 0.9473078361967251
Cohen Kappa: 0.8942491794619267
