Test Results: 

Accuracy: 0.8385416666666666
Precision: 0.8972825284300694
Recall: 0.7436352509179927
F1: 0.8132655110099726
Cohen Kappa: 0.673238204030111
