Test Results: 

Accuracy: 0.9508680555555555
Precision: 0.9110620689655172
Recall: 0.9948189649978915
F1: 0.9511001036746918
Cohen Kappa: 0.901925116482024
