Test Results: 

Accuracy: 0.9396412037037037
Precision: 0.9199560063546377
Recall: 0.9946707773618145
F1: 0.9558555889448511
Cohen Kappa: 0.8609140560858985
