Test Results: 

Accuracy: 0.9326846560081025
Precision: 0.8867140367341466
Recall: 0.987237853571162
F1: 0.9342797612741462
Cohen Kappa: 0.8656956483606479
