Test Results: 

Accuracy: 0.7499710648148148
Precision: 0.9117578170745989
Recall: 0.6857960801585554
F1: 0.7827966719453032
Cohen Kappa: 0.5017706212247982
