Test Results: 

Accuracy: 0.9352936921296297
Precision: 0.90358682051995
Recall: 0.9700022386389076
F1: 0.9356173750314896
Cohen Kappa: 0.8707481694093502
