Test Results: 

Accuracy: 0.9480613425925926
Precision: 0.911588078291815
Recall: 0.9876498584252064
F1: 0.9480958852615448
Cohen Kappa: 0.8962892013016652
