Test Results: 

Accuracy: 0.8132233796296297
Precision: 0.7927881459251618
Recall: 0.8925196642559257
F1: 0.8397029973428692
Cohen Kappa: 0.61783520933241
