Test Results: 

Accuracy: 0.9481481481481482
Precision: 0.9217797527488178
Recall: 0.9747575155129827
F1: 0.947528695244788
Cohen Kappa: 0.8963608240035011
