Test Results: 

Accuracy: 0.8449652777777777
Precision: 0.8315020526442888
Recall: 0.8429008567931456
F1: 0.837162654996353
Cohen Kappa: 0.6892300809840425
