Test Results: 

Accuracy: 0.9436921296296297
Precision: 0.9231791139606076
Recall: 0.9628893306825712
F1: 0.9426161830620429
Cohen Kappa: 0.8873927342647612
