Test Results: 

Accuracy: 0.8802083333333334
Precision: 0.9206126240427749
Recall: 0.8948249284298613
F1: 0.9075356233528387
Cohen Kappa: 0.7375845310330212
