Test Results: 

Accuracy: 0.8429398148148148
Precision: 0.7919384801486153
Recall: 0.9676925513382252
F1: 0.8710382513661202
Cohen Kappa: 0.6752689127211842
