Test Results: 

Accuracy: 0.9441261574074075
Precision: 0.9238207932103802
Recall: 0.9971812376128606
F1: 0.9591002478131022
Cohen Kappa: 0.8713592264824885
