Test Results: 

Accuracy: 0.9001736111111112
Precision: 0.9454570092824717
Recall: 0.8406530513886379
F1: 0.8899802283308884
Cohen Kappa: 0.7991926741138308
