Test Results: 

Accuracy: 0.9417824074074074
Precision: 0.9204697850205226
Recall: 0.997577626073552
F1: 0.9574737910043963
Cohen Kappa: 0.8656850020045438
