Test Results: 

Accuracy: 0.9461516203703704
Precision: 0.9155763591247462
Recall: 0.9780709681306102
F1: 0.9457924324954122
Cohen Kappa: 0.8924141462807739
