Test Results: 

Accuracy: 0.7670428240740741
Precision: 0.8238197169699132
Recall: 0.7314047405374017
F1: 0.7748664746511562
Cohen Kappa: 0.5352813883050842
