Test Results: 

Accuracy: 0.8597800925925926
Precision: 0.8038801465833154
Recall: 0.9843213852082563
F1: 0.8849969148986663
Cohen Kappa: 0.7100070263806231
