Test Results: 

Accuracy: 0.7497395833333333
Precision: 0.7264321154713577
Recall: 0.9930411803567496
F1: 0.8390674134305863
Cohen Kappa: 0.33267598747551186
