Test Results: 

Accuracy: 0.7423611111111111
Precision: 0.8347002733880109
Recall: 0.6608245790001583
F1: 0.7376546847377725
Cohen Kappa: 0.49119163595774584
