Test Results: 

Accuracy: 0.7891493055555555
Precision: 0.7151685126206208
Recall: 0.9207466340269278
F1: 0.8050405329480695
Cohen Kappa: 0.5832278544486051
