Test Results: 

Accuracy: 0.7195601851851852
Precision: 0.9651553316540722
Recall: 0.42209302325581394
F1: 0.5873286213063101
Cohen Kappa: 0.42063740147625284
