Test Results: 

Accuracy: 0.9380208333333333
Precision: 0.9215975724771395
Recall: 0.9898700726712178
F1: 0.9545145672301028
Cohen Kappa: 0.857662883925798
