Test Results: 

Accuracy: 0.7891493055555555
Precision: 0.7605624281754884
Recall: 0.9910592380532922
F1: 0.8606452353177411
Cohen Kappa: 0.4568656997429459
