Test Results: 

Accuracy: 0.8703414351851851
Precision: 0.9073857780831329
Recall: 0.8082619339045287
F1: 0.854960349571128
Cohen Kappa: 0.738439093234661
