Test Results: 

Accuracy: 0.7425057870370371
Precision: 0.9747225647348952
Recall: 0.4762335080426532
F1: 0.639847828726375
Cohen Kappa: 0.47401125137389266
