Test Results: 

Accuracy: 0.9483796296296296
Precision: 0.9118710036141229
Recall: 0.988011325983493
F1: 0.9484154522322462
Cohen Kappa: 0.8969249896444413
