Test Results: 

Accuracy: 0.7538483796296296
Precision: 0.9028077753779697
Recall: 0.5372093023255814
F1: 0.6735985880366803
Cohen Kappa: 0.4956995805277089
