Test Results: 

Accuracy: 0.8452835648148148
Precision: 0.7976878612716763
Recall: 0.961621707226944
F1: 0.8720170420546208
Cohen Kappa: 0.6806865077516986
