Test Results: 

Accuracy: 0.9435474537037037
Precision: 0.9246950969959892
Recall: 0.9951112089848051
F1: 0.9586117652050318
Cohen Kappa: 0.870227699167725
