Test Results: 

Accuracy: 0.7926215277777777
Precision: 0.9392778469495259
Recall: 0.6001835985312117
F1: 0.7323848997423547
Cohen Kappa: 0.576117088648537
