Test Results: 

Accuracy: 0.9453703703703704
Precision: 0.9249581513085371
Recall: 0.9977978418850474
F1: 0.9599983050129243
Cohen Kappa: 0.8742632782574722
