Test Results: 

Accuracy: 0.8449363425925925
Precision: 0.8014112008520458
Recall: 0.9533336852663253
F1: 0.8707958627673168
Cohen Kappa: 0.6805243870719027
