Test Results: 

Accuracy: 0.8067997685185185
Precision: 0.7256128881625029
Recall: 0.9509791921664627
F1: 0.8231492517547345
Cohen Kappa: 0.6185647368648989
