Test Results: 

Accuracy: 0.9359953703703704
Precision: 0.9112582781456954
Recall: 0.999955956837701
F1: 0.9535489290214196
Cohen Kappa: 0.8513742156348396
