Test Results: 

Accuracy: 0.9260706018518519
Precision: 0.9147114513871738
Recall: 0.9787271526095573
F1: 0.9456371412157706
Cohen Kappa: 0.8305475643687934
