Test Results: 

Accuracy: 0.9520833333333333
Precision: 0.9144156636530035
Recall: 0.9931923609856016
F1: 0.9521774286704402
Cohen Kappa: 0.904330091034634
