Test Results: 

Accuracy: 0.7383969907407407
Precision: 0.8985997666277713
Recall: 0.6783527857300155
F1: 0.7730957460158113
Cohen Kappa: 0.47812140584898544
