Test Results: 

Accuracy: 0.9337384259259259
Precision: 0.9044256449695868
Recall: 0.9653010969330647
F1: 0.9338723650014439
Cohen Kappa: 0.867617210752432
