Test Results: 

Accuracy: 0.8492766203703703
Precision: 0.9196260272939757
Recall: 0.7464504283965728
F1: 0.8240381042461912
Cohen Kappa: 0.6946924185752223
