Test Results: 

Accuracy: 0.8457465277777778
Precision: 0.8018717289097844
Recall: 0.9543894842422003
F1: 0.8715081105835281
Cohen Kappa: 0.6821717194902991
