Test Results: 

Accuracy: 0.7596354166666667
Precision: 0.8324996873827686
Recall: 0.7028981681887768
F1: 0.7622291553367491
Cohen Kappa: 0.522689421626173
