Test Results: 

Accuracy: 0.758275462962963
Precision: 0.817130877508236
Recall: 0.720160481444333
F1: 0.7655872944609686
Cohen Kappa: 0.5181209225164144
