Test Results: 

Accuracy: 0.9466145833333334
Precision: 0.9249857387335996
Recall: 0.9998238273508038
F1: 0.9609499015810528
Cohen Kappa: 0.8770009727932322
