Test Results: 

Accuracy: 0.9300752423672406
Precision: 0.896020450462899
Recall: 0.9680525490781519
F1: 0.9306447561981989
Cohen Kappa: 0.8603530319417478
