Test Results: 

Accuracy: 0.9491319444444445
Precision: 0.9065359119048924
Recall: 0.9968672811615158
F1: 0.9495581315276025
Cohen Kappa: 0.8984891493366696
