Test Results: 

Accuracy: 0.9520833333333333
Precision: 0.9141859304839515
Recall: 0.9934935839508404
F1: 0.952191235059761
Cohen Kappa: 0.9043322691650265
