Test Results: 

Accuracy: 0.9310474537037037
Precision: 0.9247554552294959
Recall: 0.9743228363796521
F1: 0.9488922727175242
Cohen Kappa: 0.8431696770577861
