Test Results: 

Accuracy: 0.7500868055555555
Precision: 0.9121162409186783
Recall: 0.6856639506716582
F1: 0.7828426319362382
Cohen Kappa: 0.5020913866124435
