Test Results: 

Accuracy: 0.9412326388888889
Precision: 0.9244477293257781
Recall: 0.9915877560008809
F1: 0.9568414118447056
Cohen Kappa: 0.8651317461882059
