Test Results: 

Accuracy: 0.9335648148148148
Precision: 0.9002051749686538
Recall: 0.9666462668298653
F1: 0.9322434043557811
Cohen Kappa: 0.8672407993831255
