Test Results: 

Accuracy: 0.7492476851851851
Precision: 0.9500351864883885
Recall: 0.49571603427172584
F1: 0.65149199710448
Cohen Kappa: 0.48428327424313367
