Test Results: 

Accuracy: 0.7362847222222222
Precision: 0.7570210763035407
Recall: 0.7641345087895265
F1: 0.7605611601513241
Cohen Kappa: 0.4671055823139626
