Test Results: 

Accuracy: 0.9310474537037037
Precision: 0.9235867933966984
Recall: 0.9757762607355208
F1: 0.9489645128820164
Cohen Kappa: 0.8429555218672236
