Test Results: 

Accuracy: 0.8555844907407407
Precision: 0.803515489035851
Recall: 0.9749247743229689
F1: 0.8809597633982875
Cohen Kappa: 0.7016924697116675
