Test Results: 

Accuracy: 0.9532986111111111
Precision: 0.9187859817785479
Recall: 0.9903006205193083
F1: 0.9532038271962887
Cohen Kappa: 0.90672719604081
