Test Results: 

Accuracy: 0.9265914351851852
Precision: 0.9253416568247005
Recall: 0.9662188945166263
F1: 0.9453385904811152
Cohen Kappa: 0.8337696060122892
