Test Results: 

Accuracy: 0.8176215277777777
Precision: 0.9075773572646796
Recall: 0.6839045287637698
F1: 0.7800230342372526
Cohen Kappa: 0.6294490017365394
