Test Results: 

Accuracy: 0.8634548611111111
Precision: 0.806446053085143
Recall: 0.9880166816238188
F1: 0.8880453607269104
Cohen Kappa: 0.7175857810082904
