Test Results: 

Accuracy: 0.9277488425925926
Precision: 0.9056202328382176
Recall: 0.9935696983043383
F1: 0.9475585424761106
Cohen Kappa: 0.8322425654335354
