Test Results: 

Accuracy: 0.9312210648148148
Precision: 0.922233300099701
Recall: 0.9777582030389782
F1: 0.9491844282446502
Cohen Kappa: 0.8430782137887877
