Test Results: 

Accuracy: 0.949855324074074
Precision: 0.9076003509541566
Recall: 0.9971082595337069
F1: 0.9502511841538682
Cohen Kappa: 0.8999288339510856
