Test Results: 

Accuracy: 0.9448206018518519
Precision: 0.9236535484396643
Recall: 0.9985465756441313
F1: 0.9596410657975493
Cohen Kappa: 0.8728570279344094
