Test Results: 

Accuracy: 0.9350983796296296
Precision: 0.910224538893344
Recall: 0.9998238273508038
F1: 0.9529226571518523
Cohen Kappa: 0.8492117852700852
