Test Results: 

Accuracy: 0.9480902777777778
Precision: 0.9117303520774237
Recall: 0.9875293692391108
F1: 0.9481173000173521
Cohen Kappa: 0.896345798802672
