Test Results: 

Accuracy: 0.7277777777777777
Precision: 0.7986219855934857
Recall: 0.6730718471203083
F1: 0.7304915778618082
Cohen Kappa: 0.45951391332377356
