Test Results: 

Accuracy: 0.7775462962962963
Precision: 0.9204081632653062
Recall: 0.5796205630354957
F1: 0.7113030416823131
Cohen Kappa: 0.5450822147754426
