Test Results: 

Accuracy: 0.8477141203703704
Precision: 0.800205973223481
Recall: 0.9034883720930232
F1: 0.8487165483342436
Cohen Kappa: 0.6965449734175081
