Test Results: 

Accuracy: 0.735619212962963
Precision: 0.9800566134843026
Recall: 0.45888306524489425
F1: 0.6250871937959049
Cohen Kappa: 0.45951836828218773
