Test Results: 

Accuracy: 0.9511863425925926
Precision: 0.9114336165986094
Recall: 0.9950599433700825
F1: 0.9514126897266783
Cohen Kappa: 0.9025598007395095
