Test Results: 

Accuracy: 0.9474247685185185
Precision: 0.9243311516821678
Recall: 0.9699379480691608
F1: 0.9465855307640297
Cohen Kappa: 0.8948826206740368
