Test Results: 

Accuracy: 0.9502314814814815
Precision: 0.9172696169162601
Recall: 0.9852400747032953
F1: 0.9500406645753456
Cohen Kappa: 0.9005874354186341
