Test Results: 

Accuracy: 0.7116030092592592
Precision: 0.6996263677608754
Recall: 0.8303331045768886
F1: 0.75939649969825
Cohen Kappa: 0.4059966875241686
