Test Results: 

Accuracy: 0.8445891203703704
Precision: 0.7996291063228541
Recall: 0.9560259726548065
F1: 0.8708614844557717
Cohen Kappa: 0.6795994534717916
