Test Results: 

Accuracy: 0.9192708333333334
Precision: 0.900366386951897
Recall: 0.9324357405140759
F1: 0.916120497865432
Cohen Kappa: 0.838359498035753
