Test Results: 

Accuracy: 0.9427662037037037
Precision: 0.9242641339501372
Recall: 0.9943624752257212
F1: 0.9580327590596623
Cohen Kappa: 0.8684510023393547
