Test Results: 

Accuracy: 0.8495949074074074
Precision: 0.8013857825724685
Recall: 0.9646835242569815
F1: 0.8754850764145068
Cohen Kappa: 0.6896433886596455
