Test Results: 

Accuracy: 0.8786168981481481
Precision: 0.7998163008798221
Recall: 0.9967467919754202
F1: 0.8874882660587369
Cohen Kappa: 0.7591050470160488
