Test Results: 

Accuracy: 0.9440393518518518
Precision: 0.8974039347460843
Recall: 0.9975299716850413
F1: 0.9448216833095577
Cohen Kappa: 0.8883768098710225
