Test Results: 

Accuracy: 0.9473958333333333
Precision: 0.9208952673842474
Recall: 0.974155069582505
F1: 0.9467767433690498
Cohen Kappa: 0.8948585684546608
