Test Results: 

Accuracy: 0.7676793981481481
Precision: 0.9105819583045154
Recall: 0.564014687882497
F1: 0.6965723139715053
Cohen Kappa: 0.5246458221967709
