Test Results: 

Accuracy: 0.8653935185185185
Precision: 0.9202868184569539
Recall: 0.870513102840784
F1: 0.8947082522294146
Cohen Kappa: 0.7085644972753566
