Test Results: 

Accuracy: 0.8361979166666667
Precision: 0.9420481827965891
Recall: 0.6963892288861689
F1: 0.8008022801646786
Cohen Kappa: 0.6669426990877312
