Test Results: 

Accuracy: 0.9047743055555556
Precision: 0.9311260852662951
Recall: 0.8657750466895596
F1: 0.8972621983579433
Cohen Kappa: 0.8087434037159604
