Test Results: 

Accuracy: 0.9465277777777777
Precision: 0.9259138247906882
Recall: 0.9985025324818322
F1: 0.9608391608391608
Cohen Kappa: 0.8769477742344721
