Test Results: 

Accuracy: 0.9427662037037037
Precision: 0.9222244856386229
Recall: 0.9969610218013654
F1: 0.9581375661375662
Cohen Kappa: 0.8681260960405717
