Test Results: 

Accuracy: 0.9518229166666666
Precision: 0.9245508301114396
Recall: 0.9796373275498524
F1: 0.9512972767426215
Cohen Kappa: 0.9037134690182544
