Test Results: 

Accuracy: 0.9100643947615946
Precision: 0.8483745289646804
Recall: 0.99163867114595
F1: 0.9144292991876636
Cohen Kappa: 0.8208622731117384
