Test Results: 

Accuracy: 0.8643229166666667
Precision: 0.8074102829537612
Recall: 0.9881750514702001
F1: 0.8886937118712464
Cohen Kappa: 0.7194199510625471
