Test Results: 

Accuracy: 0.8226851851851852
Precision: 0.9301600673967987
Recall: 0.675703794369645
F1: 0.7827720666430343
Cohen Kappa: 0.6392260649443124
