Test Results: 

Accuracy: 0.5806712962962963
Precision: 0.534185676736866
Recall: 0.9917464907524549
F1: 0.6943647713851864
Cohen Kappa: 0.18645922386825697
