Test Results: 

Accuracy: 0.9186342592592592
Precision: 0.897695202257761
Recall: 0.9343941248470012
F1: 0.9156771020750869
Cohen Kappa: 0.8371290574812752
