Test Results: 

Accuracy: 0.8512442129629629
Precision: 0.7953436617307198
Recall: 0.9810484083830439
F1: 0.8784892103334988
Cohen Kappa: 0.6920504499032094
