Test Results: 

Accuracy: 0.9439525462962963
Precision: 0.8996837858466906
Recall: 0.9941562744743659
F1: 0.944563693082625
Cohen Kappa: 0.8881759367186645
