Test Results: 

Accuracy: 0.8220060042680942
Precision: 0.8978136436145256
Recall: 0.7140298507462687
F1: 0.7954441534688448
Cohen Kappa: 0.6414961238658152
