Test Results: 

Accuracy: 0.7853587962962963
Precision: 0.8932475317348378
Recall: 0.6201346389228887
F1: 0.7320473919953764
Cohen Kappa: 0.562542932434041
