Test Results: 

Accuracy: 0.9373263888888889
Precision: 0.9157187386147432
Recall: 0.9963003743668796
F1: 0.9543115086061424
Cohen Kappa: 0.8551129206064563
