Test Results: 

Accuracy: 0.9404513888888889
Precision: 0.8940436832691995
Recall: 0.9937948069160792
F1: 0.941283880171184
Cohen Kappa: 0.8812199972670964
