Test Results: 

Accuracy: 0.9215567129629629
Precision: 0.8976019604410993
Recall: 0.9414932680538556
F1: 0.919023865706861
Cohen Kappa: 0.8430437571653924
