Test Results: 

Accuracy: 0.9416087962962963
Precision: 0.9219597764451516
Recall: 0.9953754679585994
F1: 0.9572620610784024
Cohen Kappa: 0.8655493367070306
