Test Results: 

Accuracy: 0.7715567129629629
Precision: 0.8213496218731821
Recall: 0.7453412870189516
F1: 0.7815016743696898
Cohen Kappa: 0.5433423218432842
