Test Results: 

Accuracy: 0.9412037037037037
Precision: 0.9197222560604215
Recall: 0.997577626073552
F1: 0.9570692132172737
Cohen Kappa: 0.864292979550877
