Test Results: 

Accuracy: 0.7771412037037037
Precision: 0.8132070214544441
Recall: 0.7703637227471889
F1: 0.7912058121882454
Cohen Kappa: 0.5526255022794608
