Test Results: 

Accuracy: 0.8668692129629629
Precision: 0.8079003864319451
Recall: 0.9932956765031938
F1: 0.8910567565647717
Cohen Kappa: 0.7245175279588344
