Test Results: 

Accuracy: 0.7568865740740741
Precision: 0.833259563705343
Recall: 0.6956659452040331
F1: 0.7582714770700271
Cohen Kappa: 0.5177082163237032
