Test Results: 

Accuracy: 0.9460358796296297
Precision: 0.9239268040050639
Recall: 0.9672871859750587
F1: 0.9451099273037643
Cohen Kappa: 0.8920958762853668
