Test Results: 

Accuracy: 0.7331018518518518
Precision: 0.9813340295000653
Recall: 0.45291885053316466
F1: 0.6197856553998352
Cohen Kappa: 0.4542308255426668
