Test Results: 

Accuracy: 0.8011574074074074
Precision: 0.8933200398803589
Recall: 0.6580171358629131
F1: 0.7578235128277417
Cohen Kappa: 0.5956394994855433
