Test Results: 

Accuracy: 0.9430555555555555
Precision: 0.9202707632442949
Recall: 0.999955956837701
F1: 0.9584599797365755
Cohen Kappa: 0.868445851868393
