Test Results: 

Accuracy: 0.7385995370370371
Precision: 0.817047417930505
Recall: 0.6740220661985958
F1: 0.7386751518657796
Cohen Kappa: 0.48196814838972246
