Test Results: 

Accuracy: 0.8633969907407407
Precision: 0.8064821998103612
Recall: 0.9878055218286438
F1: 0.8879819670186262
Cohen Kappa: 0.7174758518017417
