Test Results: 

Accuracy: 0.8348090277777778
Precision: 0.8083415511340565
Recall: 0.8528151774785802
F1: 0.8299830251049763
Cohen Kappa: 0.6695754077591007
