Test Results: 

Accuracy: 0.8374131944444444
Precision: 0.7972514724254863
Recall: 0.9432508050467191
F1: 0.8641276750090678
Cohen Kappa: 0.6652588434622215
