Test Results: 

Accuracy: 0.9289351851851851
Precision: 0.9023886173045587
Recall: 1.0
F1: 0.9486900931767851
Cohen Kappa: 0.8341189000053646
