Test Results: 

Accuracy: 0.954224537037037
Precision: 0.9157300260229223
Recall: 0.9963853244171336
F1: 0.9543566070398154
Cohen Kappa: 0.9086118538839506
