Test Results: 

Accuracy: 0.9368923611111111
Precision: 0.9252444886457816
Recall: 0.983395727813257
F1: 0.9534342506992335
Cohen Kappa: 0.8558382228566904
