Test Results: 

Accuracy: 0.9412037037037037
Precision: 0.9257733657371174
Recall: 0.9898700726712178
F1: 0.9567493933847007
Cohen Kappa: 0.8652815999713014
