Test Results: 

Accuracy: 0.87109375
Precision: 0.8306110102843315
Recall: 0.9220953660174613
F1: 0.8739656269891789
Cohen Kappa: 0.7427870069075755
