Test Results: 

Accuracy: 0.9352141203703703
Precision: 0.9140715109573241
Recall: 0.9548767998072173
F1: 0.9340286985473939
Cohen Kappa: 0.8704459688253983
