Test Results: 

Accuracy: 0.7879050925925926
Precision: 0.8978276227481455
Recall: 0.6222154222766217
F1: 0.7350347021399652
Cohen Kappa: 0.5677047653554392
