Test Results: 

Accuracy: 0.6982638888888889
Precision: 0.8320205880059268
Recall: 0.5632159636805152
F1: 0.6717244852987471
Cohen Kappa: 0.41114470194575836
