Test Results: 

Accuracy: 0.8032407407407407
Precision: 0.8986960882647944
Recall: 0.6580171358629131
F1: 0.7597512719050311
Cohen Kappa: 0.5997838702109555
