Test Results: 

Accuracy: 0.8408854166666667
Precision: 0.8273446464158464
Recall: 0.8384332925336597
F1: 0.8328520623727166
Cohen Kappa: 0.6810468934917102
