Test Results: 

Accuracy: 0.92890625
Precision: 0.9111046511627907
Recall: 0.9440930176516658
F1: 0.9273055415840705
Cohen Kappa: 0.8577865528127319
