Test Results: 

Accuracy: 0.9444155092592592
Precision: 0.9234028683181226
Recall: 0.9981942303457388
F1: 0.9593430548794685
Cohen Kappa: 0.8719289852433262
