Test Results: 

Accuracy: 0.9129918981481482
Precision: 0.858098851301507
Recall: 0.981083197782999
F1: 0.9154791016668072
Cohen Kappa: 0.8266550835970439
