Test Results: 

Accuracy: 0.9446469907407408
Precision: 0.9239458445477531
Recall: 0.9978859282096455
F1: 0.9594935100683931
Cohen Kappa: 0.8725210370345519
