Test Results: 

Accuracy: 0.7168692129629629
Precision: 0.8389843055966835
Recall: 0.598268489679565
F1: 0.6984684601399034
Cohen Kappa: 0.44538946271730273
