Test Results: 

Accuracy: 0.9219907407407407
Precision: 0.925524222704266
Recall: 0.9583792116273948
F1: 0.9416652241647914
Cohen Kappa: 0.8240645011631158
