Test Results: 

Accuracy: 0.8810474537037037
Precision: 0.901873151495235
Recall: 0.8397796817625459
F1: 0.8697195373157979
Cohen Kappa: 0.7605382372185009
