Test Results: 

Accuracy: 0.6982349537037037
Precision: 0.9964596073382684
Recall: 0.3730345201518164
F1: 0.5428483759260071
Cohen Kappa: 0.38084381024286973
