Test Results: 

Accuracy: 0.8467592592592592
Precision: 0.8014312850642753
Recall: 0.9577152510162065
F1: 0.8726310726310726
Cohen Kappa: 0.6840934380585815
