Test Results: 

Accuracy: 0.728125
Precision: 0.8431457120264538
Recall: 0.6191733094018899
F1: 0.7140074267973459
Cohen Kappa: 0.4662645589119224
