Test Results: 

Accuracy: 0.6966724537037037
Precision: 0.668364910046171
Recall: 0.8864488201446444
F1: 0.7621122381827672
Cohen Kappa: 0.36563189760495884
