Test Results: 

Accuracy: 0.7632523148148148
Precision: 0.7917683422807874
Recall: 0.7707860423375389
F1: 0.78113631500107
Cohen Kappa: 0.5234230740562327
