Test Results: 

Accuracy: 0.8651909722222222
Precision: 0.8073943358870621
Recall: 0.9902866494219501
F1: 0.8895369514190198
Cohen Kappa: 0.7211347937656054
