Test Results: 

Accuracy: 0.7157118055555556
Precision: 0.8864869447270262
Recall: 0.5520244945362403
F1: 0.68037346693126
Cohen Kappa: 0.44827459265892455
