Test Results: 

Accuracy: 0.7029513888888889
Precision: 0.9534189310241863
Recall: 0.3908200734394125
F1: 0.5543884017709871
Cohen Kappa: 0.3854298674262082
