Test Results: 

Accuracy: 0.9473090277777778
Precision: 0.9047436459246275
Recall: 0.9950599433700825
F1: 0.9477549849375987
Cohen Kappa: 0.8948521063020889
