Test Results: 

Accuracy: 0.8810474537037037
Precision: 0.9483055715106261
Recall: 0.7957105849749985
F1: 0.8653323287581485
Cohen Kappa: 0.760262170121752
