Test Results: 

Accuracy: 0.6905381944444444
Precision: 0.9742900352881868
Recall: 0.35483476132190944
F1: 0.5202099502041182
Cohen Kappa: 0.35818665754653767
