Test Results: 

Accuracy: 0.9379340277777778
Precision: 0.8947023484434735
Recall: 0.9869269233086331
F1: 0.9385545274857486
Cohen Kappa: 0.8761589674140476
