Test Results: 

Accuracy: 0.9396122685185185
Precision: 0.915920277576051
Recall: 0.9998678705131029
F1: 0.9560548314417469
Cohen Kappa: 0.8601535956779621
