Test Results: 

Accuracy: 0.831568287037037
Precision: 0.7802824407140954
Recall: 0.8960832313341494
F1: 0.8341831647913402
Cohen Kappa: 0.6647040293765581
