Test Results: 

Accuracy: 0.7726851851851851
Precision: 0.7980216117413043
Recall: 0.7836139998944202
F1: 0.7907521841039847
Cohen Kappa: 0.5420008173573246
