Test Results: 

Accuracy: 0.9346788194444444
Precision: 0.9029679571835685
Recall: 0.9694052682635624
F1: 0.9350079170865122
Cohen Kappa: 0.8695202403560656
