Test Results: 

Accuracy: 0.6569733796296297
Precision: 0.6569733796296297
Recall: 1.0
F1: 0.7929800052388021
Cohen Kappa: 0.0
