Test Results: 

Accuracy: 0.8425347222222223
Precision: 0.8914511494252874
Recall: 0.7594247246022032
F1: 0.820158625247852
Cohen Kappa: 0.6817026807473598
