Test Results: 

Accuracy: 0.9495659722222223
Precision: 0.9242147344374643
Recall: 0.974938249292126
F1: 0.9488991175349615
Cohen Kappa: 0.8991848271140406
