Test Results: 

Accuracy: 0.8641493055555556
Precision: 0.8073869520193303
Recall: 0.9878055218286438
F1: 0.8885301170493126
Cohen Kappa: 0.7190738656615614
