Test Results: 

Accuracy: 0.8664351851851851
Precision: 0.8075651539221158
Recall: 0.9929261468616375
F1: 0.8907041719941279
Cohen Kappa: 0.7236178182164138
