Test Results: 

Accuracy: 0.9505787037037037
Precision: 0.9123788424259208
Recall: 0.9924091812759804
F1: 0.9507127604316962
Cohen Kappa: 0.9013318042127206
