Test Results: 

Accuracy: 0.9461226851851852
Precision: 0.9204564907275321
Recall: 0.9718055304536418
F1: 0.94543429844098
Cohen Kappa: 0.8923055457806011
