Test Results: 

Accuracy: 0.8734375
Precision: 0.9068407452740378
Recall: 0.816156670746634
F1: 0.8591122849964569
Cohen Kappa: 0.7448071577294313
