Test Results: 

Accuracy: 0.7039641203703704
Precision: 0.9919653893695921
Recall: 0.3867702873667088
F1: 0.5565428459971392
Cohen Kappa: 0.39296524584457593
