Test Results: 

Accuracy: 0.9433449074074074
Precision: 0.9237367754585188
Recall: 0.9959920722307861
F1: 0.9585046412071376
Cohen Kappa: 0.869634138012713
