Test Results: 

Accuracy: 0.7354166666666667
Precision: 0.8488430046279815
Recall: 0.6293617695190835
F1: 0.7228082939250636
Cohen Kappa: 0.48019852278553976
