Test Results: 

Accuracy: 0.9490451388888889
Precision: 0.9120750944234615
Recall: 0.9892764624374962
F1: 0.9491084588041498
Cohen Kappa: 0.8982582731453863
