Test Results: 

Accuracy: 0.7567997685185185
Precision: 0.9548320531927089
Recall: 0.5097307221542228
F1: 0.6646450943622072
Cohen Kappa: 0.5001342603781276
