Test Results: 

Accuracy: 0.9286458333333333
Precision: 0.9243154849259927
Recall: 0.9708874697203259
F1: 0.9470292563474675
Cohen Kappa: 0.8379516855266782
