Test Results: 

Accuracy: 0.9314814814814815
Precision: 0.9256205265581181
Recall: 0.9739704910812597
F1: 0.9491801871405271
Cohen Kappa: 0.8442566138016732
