Test Results: 

Accuracy: 0.8368344907407408
Precision: 0.9293107598491535
Recall: 0.708812729498164
F1: 0.8042217824532166
Cohen Kappa: 0.6686442655470074
