Test Results: 

Accuracy: 0.8349247685185185
Precision: 0.9154621454801156
Recall: 0.7170746634026928
F1: 0.804214283262981
Cohen Kappa: 0.6651256753627021
