Test Results: 

Accuracy: 0.9436631944444445
Precision: 0.9046172539489672
Recall: 0.9867461895294898
F1: 0.9438985736925516
Cohen Kappa: 0.8875382467253258
