Test Results: 

Accuracy: 0.8642650462962963
Precision: 0.80731412799724
Recall: 0.9882278414189938
F1: 0.8886568085257885
Cohen Kappa: 0.7192938091845552
