Test Results: 

Accuracy: 0.7047743055555555
Precision: 0.9044907467322376
Recall: 0.6156353226161638
F1: 0.7326187793181161
Cohen Kappa: 0.4285079518301924
