Test Results: 

Accuracy: 0.9539930555555556
Precision: 0.9208681509730245
Recall: 0.9892162178444485
F1: 0.9538193435957015
Cohen Kappa: 0.9081015944178703
