Test Results: 

Accuracy: 0.9445023148148148
Precision: 0.9224828259013861
Recall: 0.9995155252147104
F1: 0.959455460195324
Cohen Kappa: 0.8719762548165046
