Test Results: 

Accuracy: 0.7935474537037037
Precision: 0.9395473211727629
Recall: 0.6020807833537332
F1: 0.7338778859423369
Cohen Kappa: 0.5780504133602037
