Test Results: 

Accuracy: 0.7860532407407408
Precision: 0.9474789915966386
Recall: 0.5796205630354957
F1: 0.7192436208991495
Cohen Kappa: 0.5620644751573463
