Test Results: 

Accuracy: 0.7922743055555556
Precision: 0.8998690528153644
Recall: 0.630844553243574
F1: 0.7417161359956825
Cohen Kappa: 0.5767880298673356
