Test Results: 

Accuracy: 0.9128472222222223
Precision: 0.9207726165548481
Recall: 0.9489980180576966
F1: 0.9346722769270811
Cohen Kappa: 0.8038849516832602
