Test Results: 

Accuracy: 0.9394386574074074
Precision: 0.8951296578775332
Recall: 0.989878908367974
F1: 0.9401230153053927
Cohen Kappa: 0.8791738204492151
