Test Results: 

Accuracy: 0.8008969907407407
Precision: 0.9440428128814196
Recall: 0.6153610771113831
F1: 0.7450631692045496
Cohen Kappa: 0.5933069632927969
