Test Results: 

Accuracy: 0.7565972222222223
Precision: 0.9502498864152658
Recall: 0.5119951040391677
F1: 0.6654470251352211
Cohen Kappa: 0.4998490181500278
