Test Results: 

Accuracy: 0.9358217592592593
Precision: 0.9174715735419978
Recall: 0.9914996696762828
F1: 0.9530502518945007
Cohen Kappa: 0.8521499750172796
