Test Results: 

Accuracy: 0.9396679567403335
Precision: 0.8980187271000136
Recall: 0.9876865671641791
F1: 0.940720733527614
Cohen Kappa: 0.8795799752766453
