Test Results: 

Accuracy: 0.9356770833333333
Precision: 0.920955277869122
Recall: 0.9867870513102841
F1: 0.9527353135032849
Cohen Kappa: 0.8524619857660267
