Test Results: 

Accuracy: 0.9430844907407407
Precision: 0.9216068959908921
Recall: 0.998282316670337
F1: 0.9584134971141038
Cohen Kappa: 0.8687248317481909
