Test Results: 

Accuracy: 0.7439236111111112
Precision: 0.8968001695274422
Recall: 0.5179926560587516
F1: 0.6566839941034991
Cohen Kappa: 0.4748837092395167
