Test Results: 

Accuracy: 0.9441550925925926
Precision: 0.9242393302021646
Recall: 0.996696762827571
F1: 0.95910150455605
Cohen Kappa: 0.8714876646496381
