Test Results: 

Accuracy: 0.8657118055555556
Precision: 0.8890071157810734
Recall: 0.8181150550795594
F1: 0.8520891098575389
Cohen Kappa: 0.7295136921659208
