Test Results: 

Accuracy: 0.8135127314814815
Precision: 0.9328900166243765
Recall: 0.6525091799265605
F1: 0.7679066585040872
Cohen Kappa: 0.6200266627125915
