Test Results: 

Accuracy: 0.9427372685185185
Precision: 0.9244347968545217
Recall: 0.9940982162519268
F1: 0.9580017402007598
Cohen Kappa: 0.868414717860474
