Test Results: 

Accuracy: 0.7186053240740741
Precision: 0.9922658264107705
Recall: 0.41737454063497803
F1: 0.5875917051863789
Cohen Kappa: 0.42367497046200475
