Test Results: 

Accuracy: 0.9447048611111111
Precision: 0.9229517533154341
Recall: 0.9992512662409161
F1: 0.9595872015564532
Cohen Kappa: 0.8724942617344129
