Test Results: 

Accuracy: 0.9247864485304763
Precision: 0.9012994390399772
Recall: 0.9485838128689934
F1: 0.9243373143023594
Cohen Kappa: 0.8496646589530902
