Test Results: 

Accuracy: 0.7693865740740741
Precision: 0.8104453120579415
Recall: 0.7561104365728766
F1: 0.7823355909984707
Cohen Kappa: 0.5377614207456607
