Test Results: 

Accuracy: 0.8180844907407407
Precision: 0.9026031237484982
Recall: 0.6896572827417381
F1: 0.7818907198612317
Cohen Kappa: 0.6305928333091345
