Test Results: 

Accuracy: 0.7407696759259259
Precision: 0.9765469061876247
Recall: 0.4715946743779746
F1: 0.6360349380459069
Cohen Kappa: 0.4703488884805268
