Test Results: 

Accuracy: 0.8184606481481481
Precision: 0.741249591102388
Recall: 0.9555997349237906
F1: 0.8348860466340333
Cohen Kappa: 0.6403003218553189
