Test Results: 

Accuracy: 0.8228587962962963
Precision: 0.7529332238906861
Recall: 0.9394541839869872
F1: 0.8359153042079871
Cohen Kappa: 0.6484683028350938
