Test Results: 

Accuracy: 0.8324074074074074
Precision: 0.8360948253887331
Recall: 0.802937576499388
F1: 0.8191808191808192
Cohen Kappa: 0.6631307755543414
