Test Results: 

Accuracy: 0.775
Precision: 0.9490352348993288
Recall: 0.5538555691554468
F1: 0.699489874787448
Cohen Kappa: 0.538755585628732
