Test Results: 

Accuracy: 0.8646990740740741
Precision: 0.8074386932724217
Recall: 0.9890196906509001
F1: 0.8890523418592512
Cohen Kappa: 0.720167226109206
