Test Results: 

Accuracy: 0.8458333333333333
Precision: 0.7935405976456384
Recall: 0.9714934276513751
F1: 0.8735463046470785
Cohen Kappa: 0.6811706621354877
