Test Results: 

Accuracy: 0.7723090277777778
Precision: 0.8091223760607414
Recall: 0.765084727867814
F1: 0.7864875864875864
Cohen Kappa: 0.543009526173485
