Test Results: 

Accuracy: 0.8671296296296296
Precision: 0.808186230296783
Recall: 0.9933484664519875
F1: 0.8912518353620992
Cohen Kappa: 0.7250674878203229
