Test Results: 

Accuracy: 0.9466724537037037
Precision: 0.9250264852090294
Recall: 0.9998678705131029
F1: 0.9609922323110462
Cohen Kappa: 0.877134305072047
