Test Results: 

Accuracy: 0.7283564814814815
Precision: 0.9085721298398478
Recall: 0.6521471041620789
F1: 0.7592943951592226
Cohen Kappa: 0.46624547481843537
