Test Results: 

Accuracy: 0.8472800925925926
Precision: 0.9264456437933694
Recall: 0.7353733170134639
F1: 0.8199249402934152
Cohen Kappa: 0.6903589579931216
