Test Results: 

Accuracy: 0.7249710648148148
Precision: 0.7961963344212905
Recall: 0.6696405004487146
F1: 0.7274551971326165
Cohen Kappa: 0.45404091111197653
