Test Results: 

Accuracy: 0.8625868055555556
Precision: 0.8065129135354583
Recall: 0.9857995037744813
F1: 0.8871891108630069
Cohen Kappa: 0.7158787604628437
