Test Results: 

Accuracy: 0.6869502314814815
Precision: 0.9590886412772327
Recall: 0.352937576499388
F1: 0.5159933789647922
Cohen Kappa: 0.3508767239399596
