Test Results: 

Accuracy: 0.76953125
Precision: 0.9017557325146311
Recall: 0.5752141982864137
F1: 0.7023876247057504
Cohen Kappa: 0.5288931320259035
