Test Results: 

Accuracy: 0.946556712962963
Precision: 0.9247719126751385
Recall: 1.0
F1: 0.9609158431555114
Cohen Kappa: 0.8768418639864973
