Test Results: 

Accuracy: 0.646730324074074
Precision: 0.5769851290684624
Recall: 0.9910838002289295
F1: 0.7293564762474785
Cohen Kappa: 0.3111075375296585
