Test Results: 

Accuracy: 0.9392939814814815
Precision: 0.9159836892890306
Recall: 0.9992512662409161
F1: 0.9558073893078316
Cohen Kappa: 0.8594667628275047
