Test Results: 

Accuracy: 0.7753761574074074
Precision: 0.9152401067140952
Recall: 0.7252587535785069
F1: 0.8092488389807603
Cohen Kappa: 0.5448647907719388
