Test Results: 

Accuracy: 0.9063946759259259
Precision: 0.9336145360155743
Recall: 0.866738960178324
F1: 0.8989346746227623
Cohen Kappa: 0.8119875114407662
