Test Results: 

Accuracy: 0.9460648148148149
Precision: 0.9223273144167383
Recall: 0.969335502138683
F1: 0.945247326988603
Cohen Kappa: 0.892170206855451
