Test Results: 

Accuracy: 0.9514756944444445
Precision: 0.9136267878922275
Recall: 0.9928308934273149
F1: 0.9515835667061234
Cohen Kappa: 0.9031188708482893
