Test Results: 

Accuracy: 0.9462962962962963
Precision: 0.9258896106549005
Recall: 0.9981501871834397
F1: 0.9606629646899241
Cohen Kappa: 0.8764357451854797
