Test Results: 

Accuracy: 0.9533854166666667
Precision: 0.9149501661129568
Recall: 0.995481655521417
F1: 0.9535185666060763
Cohen Kappa: 0.9069363852281008
