Test Results: 

Accuracy: 0.8457754629629629
Precision: 0.8016664450649293
Recall: 0.954864593781344
F1: 0.8715848311087554
Cohen Kappa: 0.6822003403017736
