Test Results: 

Accuracy: 0.9339988425925926
Precision: 0.9187039419815183
Recall: 0.9463220675944334
F1: 0.9323085141110484
Cohen Kappa: 0.8679428710110934
