Test Results: 

Accuracy: 0.7900752314814815
Precision: 0.9399515738498789
Recall: 0.5939412484700123
F1: 0.7279204950309395
Cohen Kappa: 0.5707522443108574
