Test Results: 

Accuracy: 0.9424479166666667
Precision: 0.9208858187728566
Recall: 0.9981501871834397
F1: 0.9579625911444574
Cohen Kappa: 0.8672120630607014
