Test Results: 

Accuracy: 0.8798900462962963
Precision: 0.8897486730191213
Recall: 0.851468788249694
F1: 0.8701879475873283
Cohen Kappa: 0.7585311598922189
