Test Results: 

Accuracy: 0.8008969907407407
Precision: 0.7100553346014179
Recall: 0.9895174408096873
F1: 0.8268102992625406
Cohen Kappa: 0.6070385993012735
