Test Results: 

Accuracy: 0.8790798611111111
Precision: 0.8849148572513769
Recall: 0.8555079559363525
F1: 0.8699629710302768
Cohen Kappa: 0.7570253843499883
