Test Results: 

Accuracy: 0.6587673611111111
Precision: 0.8990637799882972
Recall: 0.5413785509799603
F1: 0.6758116392225856
Cohen Kappa: 0.3595188511363987
