Test Results: 

Accuracy: 0.9216145833333333
Precision: 0.9238236540907164
Recall: 0.9598326359832636
F1: 0.9414839615509234
Cohen Kappa: 0.8229295563566736
