Test Results: 

Accuracy: 0.7709490740740741
Precision: 0.9263157894736842
Recall: 0.5600979192166463
F1: 0.698093058733791
Cohen Kappa: 0.5309719025765801
