Test Results: 

Accuracy: 0.9445891203703703
Precision: 0.9242164544564153
Recall: 0.9974454965866549
F1: 0.9594357008197589
Cohen Kappa: 0.8724357980973616
