Test Results: 

Accuracy: 0.9286458333333333
Precision: 0.9069122200329728
Recall: 0.9933494824928429
F1: 0.9481649640559969
Cohen Kappa: 0.8344684044271395
