Test Results: 

Accuracy: 0.9444444444444444
Precision: 0.9254861821903787
Recall: 0.9955956837700947
F1: 0.9592616168045831
Cohen Kappa: 0.8723136861593206
