Test Results: 

Accuracy: 0.9354021990740741
Precision: 0.9043938444398022
Recall: 0.969181404372808
F1: 0.9356674591167782
Cohen Kappa: 0.8709577817820608
