Test Results: 

Accuracy: 0.7522280092592593
Precision: 0.9038263849229012
Recall: 0.6970270865448139
F1: 0.7870695014298147
Cohen Kappa: 0.5023766048602887
