Test Results: 

Accuracy: 0.8221064814814815
Precision: 0.9226940942269409
Recall: 0.6807833537331701
F1: 0.7834906324834483
Cohen Kappa: 0.6382640833886755
