Test Results: 

Accuracy: 0.942042824074074
Precision: 0.9238044546347854
Recall: 0.9937458709535345
F1: 0.957499628678733
Cohen Kappa: 0.8667966943013875
