Test Results: 

Accuracy: 0.9435763888888888
Precision: 0.9228982436122092
Recall: 0.9974454965866549
F1: 0.9587249174498349
Cohen Kappa: 0.8700091901295944
