Test Results: 

Accuracy: 0.7710358796296296
Precision: 0.7953304059119631
Recall: 0.7840363194847702
F1: 0.7896429805672968
Cohen Kappa: 0.5384887341332703
