Test Results: 

Accuracy: 0.780150462962963
Precision: 0.7858402620307382
Recall: 0.8232592514385261
F1: 0.8041146746416418
Cohen Kappa: 0.5539286217178544
