Test Results: 

Accuracy: 0.9493055555555555
Precision: 0.9256838121451918
Recall: 0.9725284655702151
F1: 0.9485281156354662
Cohen Kappa: 0.8986478638463923
