Test Results: 

Accuracy: 0.8953414351851852
Precision: 0.824712356178089
Recall: 0.9931923609856016
F1: 0.9011451529148106
Cohen Kappa: 0.7919686240270272
