Test Results: 

Accuracy: 0.9212673611111111
Precision: 0.9239646978954514
Recall: 0.9590839022241797
F1: 0.9411968102349102
Cohen Kappa: 0.8222254486059754
