Test Results: 

Accuracy: 0.7135706018518518
Precision: 0.9436561509849841
Recall: 0.41921664626682986
F1: 0.580533073435315
Cohen Kappa: 0.40848083326757245
