Test Results: 

Accuracy: 0.8089699074074074
Precision: 0.7962397439199382
Recall: 0.9531380753138076
F1: 0.8676529548552643
Cohen Kappa: 0.5341597714869751
