Test Results: 

Accuracy: 0.8599247685185185
Precision: 0.9196579590302575
Recall: 0.8621008588416649
F1: 0.8899497601673146
Cohen Kappa: 0.6978710017852712
