Test Results: 

Accuracy: 0.743287037037037
Precision: 0.9859137215444598
Recall: 0.4722573649015001
F1: 0.6386150712830958
Cohen Kappa: 0.47541283556637304
