Test Results: 

Accuracy: 0.9494791666666667
Precision: 0.9074897119341564
Recall: 0.9963853244171336
F1: 0.9498621640248105
Cohen Kappa: 0.8991756319455817
