Test Results: 

Accuracy: 0.7313657407407408
Precision: 0.8001367223913989
Recall: 0.679670590719527
F1: 0.7350002854370041
Cohen Kappa: 0.46626584829092654
