Test Results: 

Accuracy: 0.94765625
Precision: 0.9256360078277887
Recall: 0.9688535453943009
F1: 0.9467518323374445
Cohen Kappa: 0.8953349382624357
