Test Results: 

Accuracy: 0.9346354166666667
Precision: 0.9130660214310404
Recall: 0.9548165552141695
F1: 0.9334746885767293
Cohen Kappa: 0.869294084753321
