Test Results: 

Accuracy: 0.628443287037037
Precision: 0.9788481141692151
Recall: 0.23139948189649978
F1: 0.3743117477951567
Cohen Kappa: 0.23353986800632542
