Test Results: 

Accuracy: 0.949681712962963
Precision: 0.9115431483327794
Recall: 0.9914452677872161
F1: 0.9498167546821343
Cohen Kappa: 0.8995407593041869
