Test Results: 

Accuracy: 0.7374421296296296
Precision: 0.8293838862559242
Recall: 0.6559151137623397
F1: 0.7325197500294777
Cohen Kappa: 0.4815228118086008
