Test Results: 

Accuracy: 0.8743344907407408
Precision: 0.9112223212449442
Recall: 0.8134638922888617
F1: 0.8595725417919617
Cohen Kappa: 0.7465200611023897
