Test Results: 

Accuracy: 0.9238425925925926
Precision: 0.9120302082718744
Recall: 0.9312609193324899
F1: 0.9215452485990223
Cohen Kappa: 0.847570116341865
