Test Results: 

Accuracy: 0.8538483796296297
Precision: 0.8025788464889354
Recall: 0.972602016576044
F1: 0.8794481968543403
Cohen Kappa: 0.6981549389476134
