Test Results: 

Accuracy: 0.8519386574074074
Precision: 0.7955789293654866
Recall: 0.9822625772053001
F1: 0.8791193215374076
Cohen Kappa: 0.6934491887895082
