Test Results: 

Accuracy: 0.865625
Precision: 0.8073863880648351
Recall: 0.991342448397825
F1: 0.889957821904175
Cohen Kappa: 0.721992585600093
