Test Results: 

Accuracy: 0.944068287037037
Precision: 0.9215439564899748
Recall: 1.0
F1: 0.9591703102887438
Cohen Kappa: 0.8708749087921912
