Test Results: 

Accuracy: 0.8529224537037037
Precision: 0.8049190096971667
Recall: 0.9093023255813953
F1: 0.8539325842696629
Cohen Kappa: 0.7069326387341544
