Test Results: 

Accuracy: 0.8854456018518518
Precision: 0.9104289597560167
Recall: 0.8403916768665851
F1: 0.8740094834993477
Cohen Kappa: 0.7692955952793417
