Test Results: 

Accuracy: 0.8457465277777778
Precision: 0.8004856512141281
Recall: 0.9571345615794753
F1: 0.8718293943692448
Cohen Kappa: 0.6819819538976488
