Test Results: 

Accuracy: 0.9442997685185185
Precision: 0.9252271425063436
Recall: 0.9956837700946928
F1: 0.9591633254842062
Cohen Kappa: 0.8719571096349927
