Test Results: 

Accuracy: 0.9327835648148148
Precision: 0.9257959388317875
Recall: 0.9759083902224179
F1: 0.9501918994832652
Cohen Kappa: 0.8470804907191588
