Test Results: 

Accuracy: 0.944212962962963
Precision: 0.9247311827956989
Recall: 0.9961682448799823
F1: 0.9591213637520142
Cohen Kappa: 0.8716905770052319
