Test Results: 

Accuracy: 0.6412037037037037
Precision: 0.9895626242544732
Recall: 0.24369645042839658
F1: 0.3910823021017482
Cohen Kappa: 0.251157903801302
