Test Results: 

Accuracy: 0.857667824074074
Precision: 0.8050817960320222
Recall: 0.9768252124795439
F1: 0.8826770338922413
Cohen Kappa: 0.7059958442219381
