Test Results: 

Accuracy: 0.8533275462962963
Precision: 0.8032700883098715
Recall: 0.9699625191363564
F1: 0.8787813568644331
Cohen Kappa: 0.6972220570893068
