Test Results: 

Accuracy: 0.8666087962962963
Precision: 0.8913130504403523
Recall: 0.8175642594859241
F1: 0.8528472931562819
Cohen Kappa: 0.7312786850207621
