Test Results: 

Accuracy: 0.7937210648148149
Precision: 0.7470629258087013
Recall: 0.8522643818849449
F1: 0.7962036534118521
Cohen Kappa: 0.5892021861976151
