Test Results: 

Accuracy: 0.9422743055555556
Precision: 0.9194005670311867
Recall: 0.9997797841885048
F1: 0.9579069522101487
Cohen Kappa: 0.866587796438185
