Test Results: 

Accuracy: 0.7401041666666667
Precision: 0.9767179872324446
Recall: 0.47008855955178025
F1: 0.6346998535871157
Cohen Kappa: 0.4689557349485125
