Test Results: 

Accuracy: 0.7726273148148148
Precision: 0.8063000828958276
Recall: 0.7702053529008077
F1: 0.7878395161725795
Cohen Kappa: 0.5431811182266311
