Test Results: 

Accuracy: 0.7604166666666666
Precision: 0.978818924830206
Recall: 0.512259774685222
F1: 0.6725460729257297
Cohen Kappa: 0.5112550713532363
