Test Results: 

Accuracy: 0.8446469907407408
Precision: 0.9183397683397684
Recall: 0.8380532922263818
F1: 0.8763615428900402
Cohen Kappa: 0.6685807204779372
