Test Results: 

Accuracy: 0.4846632424220502
Precision: 0.4846632424220502
Recall: 1.0
F1: 0.6528931660372761
Cohen Kappa: 0.0
