Test Results: 

Accuracy: 0.8466724537037037
Precision: 0.897244009498453
Recall: 0.7630966952264382
F1: 0.824751132718193
Cohen Kappa: 0.69004393023887
