Test Results: 

Accuracy: 0.8458912037037037
Precision: 0.8017550857598723
Recall: 0.9549701736789316
F1: 0.8716812027176793
Cohen Kappa: 0.6824388391083014
