Test Results: 

Accuracy: 0.8340277777777778
Precision: 0.7971738445614509
Recall: 0.9351211529324817
F1: 0.8606549412107667
Cohen Kappa: 0.6586625725217904
