Test Results: 

Accuracy: 0.93828125
Precision: 0.9176207876573285
Recall: 0.9954195111208984
F1: 0.954938206401183
Cohen Kappa: 0.8575387385778664
