Test Results: 

Accuracy: 0.9538483796296297
Precision: 0.9172413793103448
Recall: 0.9935538285438882
F1: 0.9538737383961363
Cohen Kappa: 0.9078438826903343
