Test Results: 

Accuracy: 0.8639756944444444
Precision: 0.919907641243957
Recall: 0.7802325581395348
F1: 0.8443325937944965
Cohen Kappa: 0.7249896794889721
