Test Results: 

Accuracy: 0.8720486111111111
Precision: 0.9144526359716233
Recall: 0.8046511627906977
F1: 0.8560453154502247
Cohen Kappa: 0.7417378385653292
