Test Results: 

Accuracy: 0.9522280092592592
Precision: 0.9228810682358266
Recall: 0.9826495572022411
F1: 0.9518279695387039
Cohen Kappa: 0.9045417951762939
