Test Results: 

Accuracy: 0.668431712962963
Precision: 0.9697786333012512
Recall: 0.30832313341493267
F1: 0.4678894822382169
Cohen Kappa: 0.3106372578884795
