Test Results: 

Accuracy: 0.9304976851851852
Precision: 0.9100125206995436
Recall: 0.9923364897599648
F1: 0.949393224338446
Cohen Kappa: 0.8391373388200147
