Test Results: 

Accuracy: 0.9331597222222222
Precision: 0.8796025715955581
Recall: 0.9973492379058979
F1: 0.9347826086956521
Cohen Kappa: 0.8667876179883851
