Test Results: 

Accuracy: 0.9345775462962963
Precision: 0.9094368340943684
Recall: 1.0
F1: 0.9525707453168594
Cohen Kappa: 0.8479182613904882
