Test Results: 

Accuracy: 0.8624131944444444
Precision: 0.8066482233941386
Recall: 0.9851132344401626
F1: 0.8869928939800841
Cohen Kappa: 0.7155525502421392
