Test Results: 

Accuracy: 0.8540219907407407
Precision: 0.8023670698807762
Recall: 0.9734466557567439
F1: 0.8796660703637448
Cohen Kappa: 0.698468407698566
