Test Results: 

Accuracy: 0.9355324074074074
Precision: 0.919421572242022
Recall: 0.9885047346399471
F1: 0.9527124543679429
Cohen Kappa: 0.85187397038756
