Test Results: 

Accuracy: 0.7328125
Precision: 0.9776884161369828
Recall: 0.45406349780107236
F1: 0.6201250617080796
Cohen Kappa: 0.45370028731355205
