Test Results: 

Accuracy: 0.7798611111111111
Precision: 0.8990748083531589
Recall: 0.7489980180576965
F1: 0.817203267659779
Cohen Kappa: 0.5462433669587763
