Test Results: 

Accuracy: 0.7855902777777778
Precision: 0.9023972602739726
Recall: 0.6127906976744186
F1: 0.7299168975069251
Cohen Kappa: 0.5626667774189864
