Test Results: 

Accuracy: 0.48460731469088014
Precision: 0.48460731469088014
Recall: 1.0
F1: 0.6528424181875777
Cohen Kappa: 0.0
