Test Results: 

Accuracy: 0.9540509259259259
Precision: 0.9181570003899939
Recall: 0.9928308934273149
F1: 0.954034965844622
Cohen Kappa: 0.9082418526107672
