Test Results: 

Accuracy: 0.9188368055555556
Precision: 0.8965616375344986
Recall: 0.9393939393939394
F1: 0.9174781559824658
Cohen Kappa: 0.8377150641015854
