Test Results: 

Accuracy: 0.9267674940299587
Precision: 0.8870802969420418
Recall: 0.9726682099917855
F1: 0.9279048229678706
Cohen Kappa: 0.8538180607660552
