Test Results: 

Accuracy: 0.9468171296296296
Precision: 0.9100961271322998
Recall: 0.9867461895294898
F1: 0.9468724708058736
Cohen Kappa: 0.8938079077323795
