Test Results: 

Accuracy: 0.8458622685185185
Precision: 0.8013722886232847
Recall: 0.9556564430132503
F1: 0.8717405436640744
Cohen Kappa: 0.6823299974562397
