Test Results: 

Accuracy: 0.7056134259259259
Precision: 0.9580980683506687
Recall: 0.3946144430844553
F1: 0.5589943649761595
Cohen Kappa: 0.3910008750130767
