Test Results: 

Accuracy: 0.8653067129629629
Precision: 0.8071631266660934
Recall: 0.9910257087050626
F1: 0.8896945570010188
Cohen Kappa: 0.7213356894123464
