Test Results: 

Accuracy: 0.9431712962962963
Precision: 0.9239952573694754
Recall: 0.9953754679585994
F1: 0.9583580697141889
Cohen Kappa: 0.8692947579036698
