Test Results: 

Accuracy: 0.9519965277777778
Precision: 0.9143554470823164
Recall: 0.993071871799506
F1: 0.9520894099979784
Cohen Kappa: 0.9041565577690676
