Test Results: 

Accuracy: 0.9326171875
Precision: 0.9029756915339481
Recall: 0.9646295052608014
F1: 0.9327849334343543
Cohen Kappa: 0.865380978537303
