Test Results: 

Accuracy: 0.9522858796296296
Precision: 0.9156472419928826
Recall: 0.9920477137176938
F1: 0.9523176126998815
Cohen Kappa: 0.904724731446488
