Test Results: 

Accuracy: 0.7286168981481481
Precision: 0.938405340723013
Recall: 0.4559363525091799
F1: 0.6136990815107706
Cohen Kappa: 0.44078974290956396
