Test Results: 

Accuracy: 0.9453414351851852
Precision: 0.9250939388988727
Recall: 0.997577626073552
F1: 0.9599694844137405
Cohen Kappa: 0.8742203488253357
