Test Results: 

Accuracy: 0.9379340277777778
Precision: 0.9154878344515399
Recall: 0.9976216692358512
F1: 0.9547916622758025
Cohen Kappa: 0.8564000324658909
