Test Results: 

Accuracy: 0.8642939814814815
Precision: 0.8074019755855584
Recall: 0.9881222615214064
F1: 0.8886673313393154
Cohen Kappa: 0.7193617292474592
