Test Results: 

Accuracy: 0.8634259259259259
Precision: 0.8071789555526759
Recall: 0.9864857731088
F1: 0.8878700052263981
Cohen Kappa: 0.7176186382750034
