Test Results: 

Accuracy: 0.8596354166666667
Precision: 0.8908620806967408
Recall: 0.8012851897184823
F1: 0.8437026774494958
Cohen Kappa: 0.7169694011940019
