Test Results: 

Accuracy: 0.823582175925926
Precision: 0.9562119895742832
Recall: 0.6630519910838002
F1: 0.7830943825820912
Cohen Kappa: 0.6424593381937694
