Test Results: 

Accuracy: 0.8359953703703704
Precision: 0.9133230054221534
Recall: 0.7216034271725826
F1: 0.8062222222222222
Cohen Kappa: 0.6674153945830529
