Test Results: 

Accuracy: 0.9397569444444445
Precision: 0.9166094299220233
Recall: 0.9992072230786171
F1: 0.956127781523938
Cohen Kappa: 0.8605912835646465
