Test Results: 

Accuracy: 0.9429398148148148
Precision: 0.9222434931367358
Recall: 0.9972252807751597
F1: 0.9582698493313019
Cohen Kappa: 0.8685096046942885
