Test Results: 

Accuracy: 0.9182291666666667
Precision: 0.8950266735501635
Recall: 0.9399963853244171
F1: 0.9169605077574049
Cohen Kappa: 0.8365153796974236
