Test Results: 

Accuracy: 0.8168981481481481
Precision: 0.9176539295845153
Recall: 0.6731334149326805
F1: 0.7766010026124409
Cohen Kappa: 0.6275898089939025
