Test Results: 

Accuracy: 0.9428240740740741
Precision: 0.9206883955026992
Recall: 0.9990310504294209
F1: 0.958261163448946
Cohen Kappa: 0.8680052615775435
