Test Results: 

Accuracy: 0.75546875
Precision: 0.7800854244527496
Recall: 0.7713139418254764
F1: 0.7756748865235049
Cohen Kappa: 0.5069558915556909
