Test Results: 

Accuracy: 0.7665509259259259
Precision: 0.8170369074689523
Recall: 0.7397455524468142
F1: 0.7764725439131158
Cohen Kappa: 0.53343705240704
