Test Results: 

Accuracy: 0.94140625
Precision: 0.8934665226781857
Recall: 0.9968672811615158
F1: 0.9423389048663117
Cohen Kappa: 0.8831429731296965
