Test Results: 

Accuracy: 0.727806712962963
Precision: 0.7924794503741872
Recall: 0.681993348466452
F1: 0.7330968931763371
Cohen Kappa: 0.4585625424019748
