Test Results: 

Accuracy: 0.7434027777777777
Precision: 0.8110143853800087
Recall: 0.6934487673546956
F1: 0.7476380193511668
Cohen Kappa: 0.4898823858949478
