Test Results: 

Accuracy: 0.9353877314814815
Precision: 0.9227655707913431
Recall: 0.9840123320854437
F1: 0.9524053115075559
Cohen Kappa: 0.8521556383081034
