Test Results: 

Accuracy: 0.9475405092592593
Precision: 0.9233764746306266
Recall: 0.9713838183023074
F1: 0.9467719679398726
Cohen Kappa: 0.8951245501416161
