Test Results: 

Accuracy: 0.9517939814814815
Precision: 0.9121722329561137
Recall: 0.995481655521417
F1: 0.9520078354554359
Cohen Kappa: 0.9037712159697007
