Test Results: 

Accuracy: 0.9528645833333333
Precision: 0.917782987273945
Recall: 0.9906018434845473
F1: 0.9528031290743155
Cohen Kappa: 0.905865708148301
