Test Results: 

Accuracy: 0.7886574074074074
Precision: 0.9409525668553582
Recall: 0.5900244798041616
F1: 0.7252689385390808
Cohen Kappa: 0.5677432143766676
