Test Results: 

Accuracy: 0.94140625
Precision: 0.8932117418519318
Recall: 0.9972287487198024
F1: 0.9423586006660783
Cohen Kappa: 0.8831461621508896
