Test Results: 

Accuracy: 0.9317129629629629
Precision: 0.9135637525413883
Recall: 0.9474667148623411
F1: 0.9302064233749335
Cohen Kappa: 0.8634056768297649
