Test Results: 

Accuracy: 0.9410590277777777
Precision: 0.9193312773900341
Recall: 0.9978418850473464
F1: 0.9569790280681746
Cohen Kappa: 0.8639105473949802
