Test Results: 

Accuracy: 0.8416666666666667
Precision: 0.7961310178061113
Recall: 0.9559203927572191
F1: 0.8687392055267704
Cohen Kappa: 0.6733925401325802
