Test Results: 

Accuracy: 0.8532407407407407
Precision: 0.9187602200089193
Recall: 0.7564871481028151
F1: 0.8297643820903537
Cohen Kappa: 0.7029031264741428
