Test Results: 

Accuracy: 0.9444155092592592
Precision: 0.9156189828972704
Recall: 0.9740345803964094
F1: 0.9439238695741018
Cohen Kappa: 0.8889267733780575
