Test Results: 

Accuracy: 0.7731481481481481
Precision: 0.8068652921342104
Recall: 0.770574882542364
F1: 0.7883026408165471
Cohen Kappa: 0.5442377341014503
