Test Results: 

Accuracy: 0.8896412037037037
Precision: 0.8938003018108652
Recall: 0.8699510403916769
F1: 0.8817144274903859
Cohen Kappa: 0.7783221645545368
