Test Results: 

Accuracy: 0.920167824074074
Precision: 0.8838392402916737
Recall: 0.9569155446756425
F1: 0.918926860803385
Cohen Kappa: 0.8405419621081665
