Test Results: 

Accuracy: 0.8786458333333333
Precision: 0.9205325094279613
Recall: 0.8923144681788152
F1: 0.906203873507179
Cohen Kappa: 0.7344787471183376
