Test Results: 

Accuracy: 0.9447627314814815
Precision: 0.8990112994350282
Recall: 0.9969877703476113
F1: 0.9454680492472934
Cohen Kappa: 0.8898089381844402
