Test Results: 

Accuracy: 0.943113425925926
Precision: 0.9219188672335924
Recall: 0.9979299713719445
F1: 0.9584196945983672
Cohen Kappa: 0.8688382891653645
