Test Results: 

Accuracy: 0.7989583333333333
Precision: 0.7941825673223133
Recall: 0.8547220609196009
F1: 0.8233409610983983
Cohen Kappa: 0.5908365094555181
