Test Results: 

Accuracy: 0.8395254629629629
Precision: 0.8801239611212847
Recall: 0.7647490820073439
F1: 0.8183902023708165
Cohen Kappa: 0.675906485638955
