Test Results: 

Accuracy: 0.8819444444444444
Precision: 0.9082856001065672
Recall: 0.834577723378213
F1: 0.8698730624481725
Cohen Kappa: 0.7621924983833013
