Test Results: 

Accuracy: 0.9400173611111111
Precision: 0.9179225409171933
Recall: 0.9979299713719445
F1: 0.9562556711473126
Cohen Kappa: 0.8613891407284787
