Test Results: 

Accuracy: 0.770775462962963
Precision: 0.9527753872633391
Recall: 0.5420440636474908
F1: 0.6909814323607427
Cohen Kappa: 0.529731209332646
