Test Results: 

Accuracy: 0.8596932870370371
Precision: 0.9022051102555128
Recall: 0.7887392900856793
F1: 0.8416653061224489
Cohen Kappa: 0.7167156609015187
