Test Results: 

Accuracy: 0.8636574074074074
Precision: 0.8060825052694971
Recall: 0.9892308504460751
F1: 0.8883147665323535
Cohen Kappa: 0.717941348209453
