Test Results: 

Accuracy: 0.9448784722222222
Precision: 0.9234182884129957
Recall: 0.9989429641048228
F1: 0.9596970402183341
Cohen Kappa: 0.8729478213564174
