Test Results: 

Accuracy: 0.9133680555555556
Precision: 0.8947094397052345
Recall: 0.9839242457608456
F1: 0.9371984729622016
Cohen Kappa: 0.798601692601852
