Test Results: 

Accuracy: 0.9268610287202489
Precision: 0.8995574910444616
Recall: 0.9558175983282334
F1: 0.9268345636126791
Cohen Kappa: 0.8538563158916954
