Test Results: 

Accuracy: 0.8408275462962963
Precision: 0.8175054191809713
Recall: 0.8539779681762546
F1: 0.8353437696429106
Cohen Kappa: 0.6814434956883051
