Test Results: 

Accuracy: 0.9302372685185185
Precision: 0.9168515323309506
Recall: 0.9829552961902664
F1: 0.9487533742852892
Cohen Kappa: 0.8399379454337048
