Test Results: 

Accuracy: 0.7013310185185185
Precision: 0.9675264139216905
Recall: 0.3810893512851897
F1: 0.5468036529680366
Cohen Kappa: 0.38154978151560737
