Test Results: 

Accuracy: 0.8378761574074074
Precision: 0.9286912081769544
Recall: 0.7117503059975521
F1: 0.8058760350621903
Cohen Kappa: 0.6708228103781899
