Test Results: 

Accuracy: 0.9525752314814815
Precision: 0.9165274529457623
Recall: 0.9915657569733116
F1: 0.9525711143907167
Cohen Kappa: 0.9052969008726198
