Test Results: 

Accuracy: 0.9421006944444444
Precision: 0.9190414507772021
Recall: 0.999955956837701
F1: 0.9577928241473138
Cohen Kappa: 0.8661472140326536
