Test Results: 

Accuracy: 0.9278935185185185
Precision: 0.901163021474219
Recall: 0.9999119136754019
F1: 0.947972775481231
Cohen Kappa: 0.83157313396204
