Test Results: 

Accuracy: 0.7829282407407407
Precision: 0.9442992157651318
Recall: 0.5747858017135863
F1: 0.7146009282507799
Cohen Kappa: 0.5555962055291308
