Test Results: 

Accuracy: 0.8599826388888889
Precision: 0.8045694048544528
Recall: 0.9834239560787627
F1: 0.885051191296292
Cohen Kappa: 0.7104942770856393
