Test Results: 

Accuracy: 0.7213831018518518
Precision: 0.7900112093660481
Recall: 0.6696932903975084
F1: 0.7248935744693009
Cohen Kappa: 0.4465329618856546
