Test Results: 

Accuracy: 0.8140046296296296
Precision: 0.908102766798419
Recall: 0.6749082007343942
F1: 0.7743294481112203
Cohen Kappa: 0.6218959449170127
