Test Results: 

Accuracy: 0.9456597222222223
Precision: 0.9040900356848751
Recall: 0.9921079583107416
F1: 0.946056184293675
Cohen Kappa: 0.891550703095076
