Test Results: 

Accuracy: 0.9098668981481481
Precision: 0.9059487998035484
Recall: 0.9031211750305997
F1: 0.9045327775904869
Cohen Kappa: 0.8191696583220585
