Test Results: 

Accuracy: 0.7295138888888889
Precision: 0.7919430414410029
Recall: 0.6870083936018582
F1: 0.735753052917232
Cohen Kappa: 0.46156769342428694
