Test Results: 

Accuracy: 0.8329282407407408
Precision: 0.9288149350649351
Recall: 0.7003059975520196
F1: 0.7985345429169575
Cohen Kappa: 0.6605563115780306
