Test Results: 

Accuracy: 0.9361400462962963
Precision: 0.9242838218248054
Recall: 0.9833516846509579
F1: 0.9529032671091098
Cohen Kappa: 0.8540469605172063
