Test Results: 

Accuracy: 0.7340567129629629
Precision: 0.9857067925517965
Recall: 0.4528586059401169
F1: 0.6205985552115584
Cohen Kappa: 0.45613899590576834
