Test Results: 

Accuracy: 0.9503472222222222
Precision: 0.9090309459682295
Recall: 0.9963250798240858
F1: 0.9506783168544494
Cohen Kappa: 0.9009007926013592
