Test Results: 

Accuracy: 0.8634837962962963
Precision: 0.8072221502310916
Recall: 0.9865385630575938
F1: 0.887917517936048
Cohen Kappa: 0.7177382913943784
