Test Results: 

Accuracy: 0.8632523148148148
Precision: 0.8067843424970869
Recall: 0.9868553027503564
F1: 0.8877807854870114
Cohen Kappa: 0.7172271169750555
