Test Results: 

Accuracy: 0.9510416666666667
Precision: 0.9183364202727732
Recall: 0.9857220314476776
F1: 0.9508368200836819
Cohen Kappa: 0.9022031063482516
