Test Results: 

Accuracy: 0.9445023148148148
Precision: 0.9236538539925814
Recall: 0.9980180576965426
F1: 0.9593970955586603
Cohen Kappa: 0.8721584256948024
