Test Results: 

Accuracy: 0.8635706018518519
Precision: 0.8071940582088263
Recall: 0.9868025128015626
F1: 0.8880074107503384
Cohen Kappa: 0.71790640177122
