Test Results: 

Accuracy: 0.9551215277777778
Precision: 0.9229342327150084
Recall: 0.9891559732514007
F1: 0.9548983686643985
Cohen Kappa: 0.9103473336345921
