Test Results: 

Accuracy: 0.833275462962963
Precision: 0.8879272407217251
Recall: 0.7408812729498164
F1: 0.8077667311670115
Cohen Kappa: 0.6626792400720991
