Test Results: 

Accuracy: 0.6693576388888889
Precision: 0.5932900432900433
Recall: 0.9907825772636906
F1: 0.7421647600351994
Cohen Kappa: 0.3540943182259779
