Test Results: 

Accuracy: 0.7172743055555556
Precision: 0.7847739692001987
Recall: 0.6671593728554084
F1: 0.7212029560304734
Cohen Kappa: 0.43822797046766504
