Test Results: 

Accuracy: 0.8653356481481481
Precision: 0.9191535150645624
Recall: 0.7841493268053855
F1: 0.8463011889035668
Cohen Kappa: 0.7278093595452226
