Test Results: 

Accuracy: 0.8224826388888888
Precision: 0.7481973434535104
Recall: 0.950177721549491
F1: 0.8371772074630431
Cohen Kappa: 0.6480157457413387
