Test Results: 

Accuracy: 0.7863425925925925
Precision: 0.7990685640362225
Recall: 0.8151823892730824
F1: 0.8070450506950977
Cohen Kappa: 0.5677622882831028
