Test Results: 

Accuracy: 0.7667824074074074
Precision: 0.9146610793363158
Recall: 0.7113851574543052
F1: 0.8003171142602319
Cohen Kappa: 0.5303307883621672
