Test Results: 

Accuracy: 0.9477141203703704
Precision: 0.9099778270509978
Recall: 0.9889752394722574
F1: 0.9478333670140593
Cohen Kappa: 0.8956091811349686
