Test Results: 

Accuracy: 0.7807291666666667
Precision: 0.9481382978723404
Recall: 0.5672582619339045
F1: 0.7098330525348444
Cohen Kappa: 0.5508480622384277
