Test Results: 

Accuracy: 0.6851273148148148
Precision: 0.970679544670576
Recall: 0.3444308445532436
F1: 0.5084470141837565
Cohen Kappa: 0.34663834567060825
