Test Results: 

Accuracy: 0.8995949074074074
Precision: 0.8386730640251767
Recall: 0.9793361045846135
F1: 0.9035628925573899
Cohen Kappa: 0.8001483468968025
