Test Results: 

Accuracy: 0.9413773148148148
Precision: 0.9205271078212063
Recall: 0.9968288923144681
F1: 0.9571597733231836
Cohen Kappa: 0.8648070724230587
