Test Results: 

Accuracy: 0.9421875
Precision: 0.9255620863989478
Recall: 0.9917639286500771
F1: 0.9575200918484501
Cohen Kappa: 0.8673922201034481
