Test Results: 

Accuracy: 0.4844954228027644
Precision: 0.4844954228027644
Recall: 1.0
F1: 0.6527408779584176
Cohen Kappa: 0.0
