Test Results: 

Accuracy: 0.84453125
Precision: 0.8010471204188482
Recall: 0.9530697355223565
F1: 0.8704708179648513
Cohen Kappa: 0.6796824291880723
