Test Results: 

Accuracy: 0.9234375
Precision: 0.8931442351860358
Recall: 0.9519583843329253
F1: 0.9216139353003909
Cohen Kappa: 0.8469405298978757
