Test Results: 

Accuracy: 0.9320891203703704
Precision: 0.9130417140074664
Recall: 0.9910151948909932
F1: 0.9504318993009356
Cohen Kappa: 0.843199830503691
