Test Results: 

Accuracy: 0.7362268518518519
Precision: 0.8487472496273689
Recall: 0.6312622076756585
F1: 0.724025187696779
Cohen Kappa: 0.4816654451392386
