Test Results: 

Accuracy: 0.7408275462962963
Precision: 0.9028702390046928
Recall: 0.5063035495716034
F1: 0.648786417284241
Cohen Kappa: 0.4680626852907267
