Test Results: 

Accuracy: 0.9368344907407408
Precision: 0.9245696789142668
Recall: 0.9841444615723409
F1: 0.9534273462334393
Cohen Kappa: 0.8555981487648863
