Test Results: 

Accuracy: 0.7896701388888889
Precision: 0.7233246343985426
Recall: 0.8990208078335373
F1: 0.8016589811454611
Cohen Kappa: 0.5833135564134511
