Test Results: 

Accuracy: 0.9534722222222223
Precision: 0.9201277955271565
Recall: 0.9889752394722574
F1: 0.9533101045296166
Cohen Kappa: 0.9070633520137192
