Test Results: 

Accuracy: 0.8471643518518519
Precision: 0.801075505796271
Recall: 0.9594045293776065
F1: 0.8731203459043958
Cohen Kappa: 0.6848380771652344
