Test Results: 

Accuracy: 0.8802083333333334
Precision: 0.8056823200353305
Recall: 0.9891559732514007
F1: 0.8880415382119097
Cohen Kappa: 0.7620980979610046
