Test Results: 

Accuracy: 0.858912037037037
Precision: 0.8042566076913095
Recall: 0.9814707279733939
F1: 0.8840703756538278
Cohen Kappa: 0.7083427894508023
