Test Results: 

Accuracy: 0.8661458333333333
Precision: 0.8079851998451146
Recall: 0.9913952383466188
F1: 0.890342767742853
Cohen Kappa: 0.7230956585225281
