Test Results: 

Accuracy: 0.850925925925926
Precision: 0.9178368688377652
Recall: 0.7520195838433292
F1: 0.8266953713670614
Cohen Kappa: 0.6981535764978848
