Test Results: 

Accuracy: 0.9415219907407407
Precision: 0.9200308667045731
Recall: 0.9977097555604493
F1: 0.9572971031335179
Cohen Kappa: 0.8650417623041176
