Test Results: 

Accuracy: 0.9449074074074074
Precision: 0.9248396715820432
Recall: 0.9971812376128606
F1: 0.9596490484465732
Cohen Kappa: 0.8732295192932613
