Test Results: 

Accuracy: 0.9230630109238226
Precision: 0.8872474920983922
Recall: 0.9637286364654079
F1: 0.9239079884091153
Cohen Kappa: 0.8463752171777605
