Test Results: 

Accuracy: 0.7543402777777778
Precision: 0.8960271911740124
Recall: 0.7082580929310724
F1: 0.7911541867558792
Cohen Kappa: 0.5026536127839886
