Test Results: 

Accuracy: 0.8546296296296296
Precision: 0.8036828555221015
Recall: 0.9722852768832814
F1: 0.8799808886765408
Cohen Kappa: 0.6998357698923044
