Test Results: 

Accuracy: 0.8289641203703704
Precision: 0.7477055715212756
Recall: 0.9718055304536418
F1: 0.8451523328006706
Cohen Kappa: 0.6612457067648001
