Test Results: 

Accuracy: 0.9349826388888889
Precision: 0.900714764351128
Recall: 0.971745285860594
F1: 0.9348827774074825
Cohen Kappa: 0.870151253836505
