Test Results: 

Accuracy: 0.6892939814814815
Precision: 0.9022521008403361
Recall: 0.5911032812155913
F1: 0.714262905800958
Cohen Kappa: 0.40460354757219763
