Test Results: 

Accuracy: 0.7430844907407408
Precision: 0.7855197458011802
Recall: 0.7308240511006704
F1: 0.7571854404244263
Cohen Kappa: 0.485182664801346
