Test Results: 

Accuracy: 0.8641203703703704
Precision: 0.8065848934796643
Recall: 0.9893364303436626
F1: 0.8886623358148797
Cohen Kappa: 0.7189185335878508
