Test Results: 

Accuracy: 0.8070891203703704
Precision: 0.7306120553543234
Recall: 0.9478281824206277
F1: 0.8251645556342276
Cohen Kappa: 0.617885480392147
