Test Results: 

Accuracy: 0.9541377314814815
Precision: 0.9207487949781414
Recall: 0.9896981745888307
F1: 0.9539792688946314
Cohen Kappa: 0.9083928783971852
