Test Results: 

Accuracy: 0.9375
Precision: 0.9175303824736821
Recall: 0.9942303457388241
F1: 0.9543417603787944
Cohen Kappa: 0.8558170595503845
