Test Results: 

Accuracy: 0.91328125
Precision: 0.8973259484247513
Recall: 0.922093023255814
F1: 0.9095409133439981
Cohen Kappa: 0.8262951000597909
