Test Results: 

Accuracy: 0.7117476851851852
Precision: 0.9748362120309708
Recall: 0.40067319461444306
F1: 0.5679215822345594
Cohen Kappa: 0.4036636659439916
