Test Results: 

Accuracy: 0.7267361111111111
Precision: 0.8547844924180175
Recall: 0.6040753840468774
F1: 0.7078874110733064
Cohen Kappa: 0.4650702966274646
