Test Results: 

Accuracy: 0.7335648148148148
Precision: 0.989016805610692
Recall: 0.4502680884390626
F1: 0.6188110614340122
Cohen Kappa: 0.45504536372153126
