Test Results: 

Accuracy: 0.7646122685185185
Precision: 0.822280534351145
Recall: 0.7278678139682204
F1: 0.7721990423118926
Cohen Kappa: 0.5305631404277582
