Test Results: 

Accuracy: 0.9416087962962963
Precision: 0.9258220898312014
Recall: 0.9549370444002651
F1: 0.9401542111506523
Cohen Kappa: 0.8831752291058236
