Test Results: 

Accuracy: 0.9421875
Precision: 0.9248635561574131
Recall: 0.9926447918960581
F1: 0.9575561881293284
Cohen Kappa: 0.8672816034176906
