Test Results: 

Accuracy: 0.8153645833333333
Precision: 0.9081891958357242
Recall: 0.6780293757649939
F1: 0.7764112267423526
Cohen Kappa: 0.6247265949148986
