Test Results: 

Accuracy: 0.8360821759259259
Precision: 0.8982911723005745
Recall: 0.7367197062423501
F1: 0.8095222083991797
Cohen Kappa: 0.6681115790514353
