Test Results: 

Accuracy: 0.9376446759259259
Precision: 0.9155208670333226
Recall: 0.9970931512882625
F1: 0.954567495203761
Cohen Kappa: 0.8557730070141328
