Test Results: 

Accuracy: 0.7620659722222223
Precision: 0.81637350962106
Recall: 0.7301377817663517
F1: 0.7708513306395429
Cohen Kappa: 0.5250260550779811
