Test Results: 

Accuracy: 0.8510416666666667
Precision: 0.8026413935325347
Recall: 0.9656865332840627
F1: 0.8766473379019505
Cohen Kappa: 0.6926499278295626
