Test Results: 

Accuracy: 0.9390335648148148
Precision: 0.9151483392454047
Recall: 0.9999119136754019
F1: 0.9556542419969273
Cohen Kappa: 0.8587480553540323
