Test Results: 

Accuracy: 0.9466435185185185
Precision: 0.9250234301780693
Recall: 0.9998238273508038
F1: 0.9609702408669516
Cohen Kappa: 0.8770702118061988
