Test Results: 

Accuracy: 0.9497685185185185
Precision: 0.9174296466887604
Recall: 0.9839749382492922
F1: 0.9495378175687461
Cohen Kappa: 0.899656724757869
