Test Results: 

Accuracy: 0.9479166666666666
Precision: 0.9263612791702679
Recall: 0.968552322429062
F1: 0.9469871001943806
Cohen Kappa: 0.8958511479050817
