Test Results: 

Accuracy: 0.9446469907407408
Precision: 0.9234278266536331
Recall: 0.9985465756441313
F1: 0.959519224665129
Cohen Kappa: 0.8724409776968973
