Test Results: 

Accuracy: 0.942505787037037
Precision: 0.9199708100218925
Recall: 0.9994274388901123
F1: 0.9580545059213442
Cohen Kappa: 0.8671897020589732
