Test Results: 

Accuracy: 0.9461805555555556
Precision: 0.9249745158002038
Recall: 0.999119136754019
F1: 0.9606182511115817
Cohen Kappa: 0.876045084296597
