Test Results: 

Accuracy: 0.9307912159473246
Precision: 0.898286269340179
Recall: 0.9666268478423174
F1: 0.9312043729996043
Cohen Kappa: 0.8617653163959726
