Test Results: 

Accuracy: 0.7160011574074074
Precision: 0.8020516214427531
Recall: 0.6397613894314522
F1: 0.7117728247144157
Cohen Kappa: 0.43878487835709756
