Test Results: 

Accuracy: 0.7166666666666667
Precision: 0.9624293785310735
Recall: 0.4170134638922889
F1: 0.5818958155422717
Cohen Kappa: 0.41453400984878064
