Test Results: 

Accuracy: 0.9439525462962963
Precision: 0.9235255730483726
Recall: 0.9972693239374587
F1: 0.958981852063613
Cohen Kappa: 0.8709325199623263
