Test Results: 

Accuracy: 0.9480902777777778
Precision: 0.9116387699493966
Recall: 0.9876498584252064
F1: 0.9481233011393211
Cohen Kappa: 0.8963467428870016
