Test Results: 

Accuracy: 0.7030671296296296
Precision: 0.9923853923853924
Recall: 0.38472197120308455
F1: 0.5544846748285144
Cohen Kappa: 0.3910732439770751
