Test Results: 

Accuracy: 0.9381510416666666
Precision: 0.902665840049597
Recall: 0.9778374748153122
F1: 0.938749194068343
Cohen Kappa: 0.8764915369363688
