Test Results: 

Accuracy: 0.9533854166666667
Precision: 0.9218644449448322
Recall: 0.9865654557503464
F1: 0.9531181794371852
Cohen Kappa: 0.9068736296784025
