Test Results: 

Accuracy: 0.9404224537037037
Precision: 0.9145284525031361
Recall: 0.9662630278932466
F1: 0.9396842136098662
Cohen Kappa: 0.8809149781116568
