Test Results: 

Accuracy: 0.8669270833333333
Precision: 0.9051694388846712
Recall: 0.8026315789473685
F1: 0.8508222777255181
Cohen Kappa: 0.7314950330578753
