Test Results: 

Accuracy: 0.7043402777777777
Precision: 0.6725877279740475
Recall: 0.8974819194425382
F1: 0.7689280868385345
Cohen Kappa: 0.3811166556686878
