Test Results: 

Accuracy: 0.8572337962962963
Precision: 0.9257240967452971
Recall: 0.7589351285189718
F1: 0.8340731772935163
Cohen Kappa: 0.7109331750768882
