Test Results: 

Accuracy: 0.7797164351851852
Precision: 0.897440568357774
Recall: 0.6029987760097919
F1: 0.7213294776529156
Cohen Kappa: 0.5505170129398618
