Test Results: 

Accuracy: 0.9296875
Precision: 0.8733203351425409
Recall: 0.9984336405807579
F1: 0.931695525073083
Cohen Kappa: 0.8599171586858623
