Test Results: 

Accuracy: 0.7680266203703704
Precision: 0.9542626350835062
Recall: 0.5350061199510404
F1: 0.6856201717579703
Cohen Kappa: 0.5238842239386013
