Test Results: 

Accuracy: 0.48451407482451697
Precision: 0.48451407482451697
Recall: 1.0
F1: 0.6527578054546784
Cohen Kappa: 0.0
