Test Results: 

Accuracy: 0.8451099537037037
Precision: 0.8017585931254996
Recall: 0.9530697355223565
F1: 0.8708907165770242
Cohen Kappa: 0.68091136673156
