Test Results: 

Accuracy: 0.928443287037037
Precision: 0.9161935324611207
Recall: 0.9807971812376128
F1: 0.9473952904639339
Cohen Kappa: 0.8359449690161349
