Test Results: 

Accuracy: 0.7655671296296296
Precision: 0.8268314742236961
Recall: 0.7239085678086892
F1: 0.7719545147489304
Cohen Kappa: 0.5329421005414821
