Test Results: 

Accuracy: 0.8140046296296296
Precision: 0.9204275534441805
Recall: 0.664014687882497
F1: 0.7714732650739476
Cohen Kappa: 0.6214647477377684
