Test Results: 

Accuracy: 0.9484664351851851
Precision: 0.911291217941601
Recall: 0.9889752394722574
F1: 0.9485453442348251
Cohen Kappa: 0.8971051165012819
