Test Results: 

Accuracy: 0.9528356481481481
Precision: 0.9148146095438674
Recall: 0.994397252846557
F1: 0.9529472894174701
Cohen Kappa: 0.905835156301174
