Test Results: 

Accuracy: 0.9366608796296296
Precision: 0.9169918699186992
Recall: 0.9935256551420392
F1: 0.9537258217947362
Cohen Kappa: 0.8538904558506903
