Test Results: 

Accuracy: 0.9433449074074074
Precision: 0.9239445829416814
Recall: 0.9957278132569919
F1: 0.9584940857251877
Cohen Kappa: 0.8696668301565795
