Test Results: 

Accuracy: 0.9281681985959326
Precision: 0.8914446580609723
Recall: 0.9698214685889296
F1: 0.9289828628671605
Cohen Kappa: 0.8565777087914112
