Test Results: 

Accuracy: 0.9457175925925926
Precision: 0.9141024919840243
Recall: 0.9789746370263269
F1: 0.9454270421224109
Cohen Kappa: 0.8915581025192889
