Test Results: 

Accuracy: 0.9423611111111111
Precision: 0.9207052037210058
Recall: 0.9982382735080378
F1: 0.9579054139723596
Cohen Kappa: 0.8669922652151455
