Test Results: 

Accuracy: 0.9477719907407407
Precision: 0.9222513985614796
Recall: 0.9733116452798362
F1: 0.9470938241932175
Cohen Kappa: 0.8956006490256051
