Test Results: 

Accuracy: 0.9402777777777778
Precision: 0.9200276749013064
Recall: 0.9956397269323938
F1: 0.9563414840511042
Cohen Kappa: 0.8623175206520804
