Test Results: 

Accuracy: 0.950462962962963
Precision: 0.9094559656746796
Recall: 0.9960238568588469
F1: 0.9507734774857669
Cohen Kappa: 0.9011286427638452
