Test Results: 

Accuracy: 0.8440682870370371
Precision: 0.8003989361702127
Recall: 0.9532281053687378
F1: 0.8701539647736308
Cohen Kappa: 0.6786880141506856
