Test Results: 

Accuracy: 0.9454282407407407
Precision: 0.9251378394935675
Recall: 0.9976657123981502
F1: 0.9600339054884509
Cohen Kappa: 0.8744174795488173
