Test Results: 

Accuracy: 0.7302372685185186
Precision: 0.7096504332237825
Recall: 0.7268053855569155
F1: 0.7181254724111867
Cohen Kappa: 0.45954729187305277
