Test Results: 

Accuracy: 0.9532118055555555
Precision: 0.9241789354473386
Recall: 0.9832520031327189
F1: 0.9528007238973701
Cohen Kappa: 0.906504638770934
