Test Results: 

Accuracy: 0.7947048611111112
Precision: 0.7891166422645193
Recall: 0.8535606820461384
F1: 0.820074556843253
Cohen Kappa: 0.5819357262188043
