Test Results: 

Accuracy: 0.7614583333333333
Precision: 0.9442493415276558
Recall: 0.5265605875152999
F1: 0.6760961810466761
Cohen Kappa: 0.510325570753905
