Test Results: 

Accuracy: 0.7805844907407408
Precision: 0.9482952800245725
Recall: 0.5668298653610772
F1: 0.7095415022790823
Cohen Kappa: 0.5505386672762194
