Test Results: 

Accuracy: 0.7668981481481482
Precision: 0.8195104771966896
Recall: 0.7370532650583329
F1: 0.7760978321289604
Cohen Kappa: 0.5344263816863155
