Test Results: 

Accuracy: 0.7357349537037037
Precision: 0.8276553106212425
Recall: 0.6540674655545584
F1: 0.7306932444785186
Cohen Kappa: 0.4781831883111467
