Test Results: 

Accuracy: 0.7644675925925926
Precision: 0.8212310437109723
Recall: 0.7289764028928892
F1: 0.7723586330331674
Cohen Kappa: 0.5301519737862993
