Test Results: 

Accuracy: 0.938744212962963
Precision: 0.9156169250645995
Recall: 0.9988108346179255
F1: 0.9554062309102015
Cohen Kappa: 0.8581970415852638
