Test Results: 

Accuracy: 0.8567708333333334
Precision: 0.8045266594124048
Recall: 0.9757694135036689
F1: 0.8819123049763825
Cohen Kappa: 0.7041583177725863
