Test Results: 

Accuracy: 0.9416666666666667
Precision: 0.9224486462204435
Recall: 0.9948469500110108
F1: 0.9572808950669605
Cohen Kappa: 0.8657555955833213
