Test Results: 

Accuracy: 0.9464988425925925
Precision: 0.9246965871141158
Recall: 1.0
F1: 0.960875177214922
Cohen Kappa: 0.8767033416114529
