Test Results: 

Accuracy: 0.8650173611111112
Precision: 0.8065264061829112
Recall: 0.9916063981417939
F1: 0.8895413539175527
Cohen Kappa: 0.7206855613840388
