Test Results: 

Accuracy: 0.9169849537037037
Precision: 0.9209320091673033
Recall: 0.9556925787271526
F1: 0.9379903602999979
Cohen Kappa: 0.8125790421881566
