Test Results: 

Accuracy: 0.9391493055555555
Precision: 0.9178565633619991
Recall: 0.9965646333406739
F1: 0.9555926262221002
Cohen Kappa: 0.8594775899797877
