Test Results: 

Accuracy: 0.8677503439287525
Precision: 0.8425169109357384
Recall: 0.8939813084112149
F1: 0.8674864874668988
Cohen Kappa: 0.7357308361223942
