Test Results: 

Accuracy: 0.81484375
Precision: 0.8983091593877714
Recall: 0.686046511627907
F1: 0.7779589853915818
Cohen Kappa: 0.624004804589795
