Test Results: 

Accuracy: 0.9438946759259259
Precision: 0.923312133072407
Recall: 0.9974454965866549
F1: 0.9589481930006564
Cohen Kappa: 0.8707722213222873
