Test Results: 

Accuracy: 0.9522569444444444
Precision: 0.9246633713993523
Recall: 0.9804807518525213
F1: 0.9517543859649124
Cohen Kappa: 0.9045837422081617
