Test Results: 

Accuracy: 0.9445023148148148
Precision: 0.9238957543129818
Recall: 0.9977097555604493
F1: 0.9593850584448586
Cohen Kappa: 0.8721958671263569
