Test Results: 

Accuracy: 0.7320601851851852
Precision: 0.8249546949459695
Recall: 0.6488412606239772
F1: 0.7263755097216477
Cohen Kappa: 0.4711334738681495
