Test Results: 

Accuracy: 0.9429976851851852
Precision: 0.9095694047819027
Recall: 0.9786131694680402
F1: 0.9428289511869522
Cohen Kappa: 0.8861457148824895
