Test Results: 

Accuracy: 0.8542534722222223
Precision: 0.800709281204048
Recall: 0.9773531119674814
F1: 0.8802567455128968
Cohen Kappa: 0.6987039265017163
