Test Results: 

Accuracy: 0.9498263888888889
Precision: 0.9149221235973873
Recall: 0.9873486354599674
F1: 0.9497566063977747
Cohen Kappa: 0.8997974356862142
