Test Results: 

Accuracy: 0.6605034722222223
Precision: 0.9583647324792766
Recall: 0.3064642448340261
F1: 0.464417766010864
Cohen Kappa: 0.3019473108115428
