Test Results: 

Accuracy: 0.862818287037037
Precision: 0.8065003453038674
Recall: 0.9863801932112126
F1: 0.887416589489682
Cohen Kappa: 0.716334515503687
