Test Results: 

Accuracy: 0.921238425925926
Precision: 0.8632532328150359
Recall: 0.9933730947647449
F1: 0.9237535014005602
Cohen Kappa: 0.8431283512853475
