Test Results: 

Accuracy: 0.9534432870370371
Precision: 0.9170376140663254
Recall: 0.9928911380203627
F1: 0.9534581007202569
Cohen Kappa: 0.9070332953742829
