Test Results: 

Accuracy: 0.9473090277777778
Precision: 0.9134862898712927
Recall: 0.9834327369118622
F1: 0.9471699207983986
Cohen Kappa: 0.8947596655373362
