Test Results: 

Accuracy: 0.7702256944444444
Precision: 0.8036542283064694
Recall: 0.7685688644882015
F1: 0.7857200679996763
Cohen Kappa: 0.5383017312594932
