Test Results: 

Accuracy: 0.7562210648148148
Precision: 0.9381157976309089
Recall: 0.5186046511627908
F1: 0.6679541244630118
Cohen Kappa: 0.4994468210726617
