Test Results: 

Accuracy: 0.9222800925925926
Precision: 0.8936685503402145
Recall: 0.9484700122399021
F1: 0.9202541416780478
Cohen Kappa: 0.8445905177811526
