Test Results: 

Accuracy: 0.7355034722222222
Precision: 0.8921451138468243
Recall: 0.5011627906976744
F1: 0.6417963086327834
Cohen Kappa: 0.45716337279101704
