Test Results: 

Accuracy: 0.7636863425925926
Precision: 0.672348949390892
Recall: 0.9908428218567383
F1: 0.8011008012469253
Cohen Kappa: 0.5349894033511069
