Test Results: 

Accuracy: 0.9287326388888889
Precision: 0.9083683021304068
Recall: 0.9915437128385818
F1: 0.9481353576617744
Cohen Kappa: 0.8349654037470355
