Test Results: 

Accuracy: 0.7703414351851852
Precision: 0.7828433388157895
Recall: 0.8040437100776012
F1: 0.7933019089038778
Cohen Kappa: 0.5350481595154584
