Test Results: 

Accuracy: 0.9454571759259259
Precision: 0.9242399543565083
Recall: 0.9988548777802246
F1: 0.9600999089812248
Cohen Kappa: 0.8743448468745629
