Test Results: 

Accuracy: 0.9447337962962963
Precision: 0.9257257503173238
Recall: 0.9957718564192909
F1: 0.9594720760482092
Cohen Kappa: 0.8729840228480056
