Test Results: 

Accuracy: 0.9415219907407407
Precision: 0.9123203982350945
Recall: 0.9716247966744984
F1: 0.9410391807917846
Cohen Kappa: 0.8831500462753906
