Test Results: 

Accuracy: 0.9502604166666667
Precision: 0.9108227498619548
Recall: 0.9937345623230315
F1: 0.9504739404765333
Cohen Kappa: 0.9007087860245578
