Test Results: 

Accuracy: 0.9009259259259259
Precision: 0.9038269134567284
Recall: 0.8845777233782129
F1: 0.8940987257206483
Cohen Kappa: 0.8010451542579033
