Test Results: 

Accuracy: 0.8121817129629629
Precision: 0.9315572693015511
Recall: 0.6505507955936353
F1: 0.7660985189722893
Cohen Kappa: 0.6172925800785679
