Test Results: 

Accuracy: 0.8648726851851852
Precision: 0.8075679868982459
Recall: 0.9891780604972813
F1: 0.8891947041237602
Cohen Kappa: 0.7205262929704859
