Test Results: 

Accuracy: 0.7799189814814815
Precision: 0.9447046843177189
Recall: 0.5677478580171359
F1: 0.7092507645259939
Cohen Kappa: 0.5492524332443944
