Test Results: 

Accuracy: 0.8642939814814815
Precision: 0.8073489455298227
Recall: 0.9882278414189938
F1: 0.8886779017327321
Cohen Kappa: 0.7193552646802506
