Test Results: 

Accuracy: 0.8436342592592593
Precision: 0.9145564821834723
Recall: 0.738249694002448
F1: 0.8169996613613275
Cohen Kappa: 0.6831894279225577
