Test Results: 

Accuracy: 0.8401331018518519
Precision: 0.8132784890794276
Recall: 0.8591187270501836
F1: 0.8355703699294662
Cohen Kappa: 0.6802470783929857
