Test Results: 

Accuracy: 0.9441840277777778
Precision: 0.9234124072715415
Recall: 0.9977978418850474
F1: 0.9591650966362539
Cohen Kappa: 0.871422545699452
