Test Results: 

Accuracy: 0.8637731481481481
Precision: 0.8070137600828193
Recall: 0.9876471519822626
F1: 0.8882400417794235
Cohen Kappa: 0.7182846527285796
