Test Results: 

Accuracy: 0.847019675925926
Precision: 0.8266343266343267
Recall: 0.8623411048858365
F1: 0.844110275689223
Cohen Kappa: 0.6940644702565292
