Test Results: 

Accuracy: 0.9450810185185186
Precision: 0.9229580843192259
Recall: 0.9998678705131029
F1: 0.9598748467295252
Cohen Kappa: 0.8733218445045248
