Test Results: 

Accuracy: 0.9546875
Precision: 0.9156666482331471
Recall: 0.9975299716850413
F1: 0.9548468946427542
Cohen Kappa: 0.9095406641649321
