Test Results: 

Accuracy: 0.9491319444444445
Precision: 0.9228928021884083
Recall: 0.9756009398156515
F1: 0.9485151994377088
Cohen Kappa: 0.8983258018610448
