Test Results: 

Accuracy: 0.8488425925925925
Precision: 0.9240158681721087
Recall: 0.7412484700122399
F1: 0.8226025536538984
Cohen Kappa: 0.6936618542516695
