Test Results: 

Accuracy: 0.8291956018518518
Precision: 0.7979890310786106
Recall: 0.9217125059388692
F1: 0.8554001420767704
Cohen Kappa: 0.6494094145838818
