Test Results: 

Accuracy: 0.8518807870370371
Precision: 0.8196319717427221
Recall: 0.8804773561811505
F1: 0.8489658631575843
Cohen Kappa: 0.704015947264329
