Test Results: 

Accuracy: 0.9517071759259259
Precision: 0.915137359581804
Recall: 0.9913850231941683
F1: 0.9517365027037968
Cohen Kappa: 0.9035687402240301
