Test Results: 

Accuracy: 0.92109375
Precision: 0.8890540154329809
Recall: 0.9518971848225214
F1: 0.9194029850746268
Cohen Kappa: 0.8422942398021422
