Test Results: 

Accuracy: 0.9535300925925926
Precision: 0.9192907880753958
Recall: 0.9901801313332128
F1: 0.9534195719009223
Cohen Kappa: 0.9071869782123233
