Test Results: 

Accuracy: 0.8592592592592593
Precision: 0.804885443284681
Recall: 0.9810484083830439
F1: 0.8842786448420252
Cohen Kappa: 0.7091074541924358
