Test Results: 

Accuracy: 0.8670138888888889
Precision: 0.9176981078389529
Recall: 0.7895348837209303
F1: 0.8488058424896374
Cohen Kappa: 0.7313023810422801
