Test Results: 

Accuracy: 0.92734375
Precision: 0.9017955720843744
Recall: 0.9497552019583844
F1: 0.9251542519896271
Cohen Kappa: 0.8546550138099256
