Test Results: 

Accuracy: 0.901099537037037
Precision: 0.9422263973696571
Recall: 0.845954575576842
F1: 0.8914989524474636
Cohen Kappa: 0.8011209272602616
