Test Results: 

Accuracy: 0.8549189814814815
Precision: 0.7973105656350054
Recall: 0.9859578736208626
F1: 0.8816559667673717
Cohen Kappa: 0.6995556528656802
