Test Results: 

Accuracy: 0.8636284722222223
Precision: 0.8071841809860979
Recall: 0.9869608826479438
F1: 0.88806555040969
Cohen Kappa: 0.7180195653135408
