Test Results: 

Accuracy: 0.8972222222222223
Precision: 0.8947888367498148
Recall: 0.8869033047735618
F1: 0.8908286206048686
Cohen Kappa: 0.793740589067578
