Test Results: 

Accuracy: 0.9034722222222222
Precision: 0.8492285007109379
Recall: 0.9715043074884029
F1: 0.9062605372597504
Cohen Kappa: 0.8076939840209154
