Test Results: 

Accuracy: 0.7621527777777778
Precision: 0.7839326378223799
Recall: 0.7814496119938764
F1: 0.7826891556072544
Cohen Kappa: 0.5200204549271523
