Test Results: 

Accuracy: 0.9303385416666666
Precision: 0.9060222206496356
Recall: 0.955376464442952
F1: 0.9300450385006539
Cohen Kappa: 0.8607716937232909
