Test Results: 

Accuracy: 0.937037037037037
Precision: 0.9266741488963711
Recall: 0.9818542171327901
F1: 0.9534664898849493
Cohen Kappa: 0.8563922237890595
