Test Results: 

Accuracy: 0.8629050925925926
Precision: 0.8066577436207417
Recall: 0.9862746133136251
F1: 0.8874691240737221
Cohen Kappa: 0.7165254388297982
