Test Results: 

Accuracy: 0.8371238425925925
Precision: 0.9179557470139025
Recall: 0.8258973794318432
F1: 0.8694966730809358
Cohen Kappa: 0.6544865471608639
