Test Results: 

Accuracy: 0.9535011574074074
Precision: 0.9156132180084275
Recall: 0.9948792095909392
F1: 0.9536018478417786
Cohen Kappa: 0.9071623831450909
