Test Results: 

Accuracy: 0.9427372685185185
Precision: 0.923186867036916
Recall: 0.9956837700946928
F1: 0.958065814845422
Cohen Kappa: 0.868216651573248
