Test Results: 

Accuracy: 0.9341724537037037
Precision: 0.9054688047055528
Recall: 0.964927990448474
F1: 0.9342533053970089
Cohen Kappa: 0.8684779490780185
