Test Results: 

Accuracy: 0.7341145833333333
Precision: 0.7849380696424398
Recall: 0.7092329620440269
F1: 0.7451676419201864
Cohen Kappa: 0.4687144290670402
