Test Results: 

Accuracy: 0.9334780092592593
Precision: 0.908152652212177
Recall: 0.9998678705131029
F1: 0.9518059660817977
Cohen Kappa: 0.8452576995324823
