Test Results: 

Accuracy: 0.7146412037037037
Precision: 0.9948582341707066
Recall: 0.40797638411952525
F1: 0.578655045714774
Cohen Kappa: 0.4153170791927644
