Test Results: 

Accuracy: 0.7966145833333333
Precision: 0.8921742060483532
Recall: 0.6481640146878825
F1: 0.7508418701924782
Cohen Kappa: 0.5861827891377153
