Test Results: 

Accuracy: 0.8246238425925926
Precision: 0.9329458343863196
Recall: 0.6777845777233782
F1: 0.7851547268795861
Cohen Kappa: 0.6431717008057607
