Test Results: 

Accuracy: 0.702662037037037
Precision: 0.9591156874621442
Recall: 0.3876376988984088
F1: 0.5521269177126917
Cohen Kappa: 0.3846428522912295
