Test Results: 

Accuracy: 0.8564236111111111
Precision: 0.8033939499153683
Recall: 0.9771947421211001
F1: 0.881812118902439
Cohen Kappa: 0.7033285040238881
