Test Results: 

Accuracy: 0.9486979166666667
Precision: 0.9097844112769486
Recall: 0.9915055123802639
F1: 0.9488886967050073
Cohen Kappa: 0.8975850276588658
