Test Results: 

Accuracy: 0.8576967592592593
Precision: 0.8046396455102307
Recall: 0.9777754315578314
F1: 0.8827987226538297
Cohen Kappa: 0.7059964236564251
