Test Results: 

Accuracy: 0.7265625
Precision: 0.7711201233792198
Recall: 0.7126643087156206
F1: 0.7407407407407407
Cohen Kappa: 0.45243274181129733
