Test Results: 

Accuracy: 0.8143807870370371
Precision: 0.91994584073792
Recall: 0.6652998776009792
F1: 0.7721703306460206
Cohen Kappa: 0.6222653894774807
