Test Results: 

Accuracy: 0.9260416666666667
Precision: 0.8992122335495829
Recall: 0.9500611995104039
F1: 0.923937626473039
Cohen Kappa: 0.852075882594395
