Test Results: 

Accuracy: 0.8659722222222223
Precision: 0.8461856889414547
Recall: 0.8757037943696451
F1: 0.8606917293233083
Cohen Kappa: 0.7316318558956797
