Test Results: 

Accuracy: 0.661400462962963
Precision: 0.8973062757275945
Recall: 0.5472362915657344
F1: 0.679853359597286
Cohen Kappa: 0.36255906246224556
