Test Results: 

Accuracy: 0.9451388888888889
Precision: 0.9248295292148137
Recall: 0.997577626073552
F1: 0.9598271039918638
Cohen Kappa: 0.8737357754474862
