Test Results: 

Accuracy: 0.864525462962963
Precision: 0.8073358906943666
Recall: 0.9888085308557251
F1: 0.8889047076689446
Cohen Kappa: 0.7198113866499253
