Test Results: 

Accuracy: 0.7698206018518519
Precision: 0.8215874502458441
Recall: 0.7409597212690704
F1: 0.7791933827407221
Cohen Kappa: 0.5401431803072796
