Test Results: 

Accuracy: 0.7627025462962963
Precision: 0.9716917546618737
Recall: 0.5211157298632447
F1: 0.6784047684404534
Cohen Kappa: 0.5161602062558126
