Test Results: 

Accuracy: 0.8540798611111111
Precision: 0.9078044906504945
Recall: 0.7695226438188495
F1: 0.8329634659335563
Cohen Kappa: 0.7049750361523316
