Test Results: 

Accuracy: 0.7353009259259259
Precision: 0.9835171966255678
Recall: 0.4565335261160311
F1: 0.6236010533245556
Cohen Kappa: 0.4587831513741244
