Test Results: 

Accuracy: 0.9447627314814815
Precision: 0.924546790788829
Recall: 0.9973133670997577
F1: 0.9595525139309701
Cohen Kappa: 0.8728673817306059
