Test Results: 

Accuracy: 0.897974537037037
Precision: 0.8252799203782035
Recall: 0.9990963311042834
F1: 0.9039079958576335
Cohen Kappa: 0.7972507333775207
