Test Results: 

Accuracy: 0.7921296296296296
Precision: 0.727580035792404
Recall: 0.8957160342717259
F1: 0.8029405310511302
Cohen Kappa: 0.5879380838562187
