Test Results: 

Accuracy: 0.8336516203703703
Precision: 0.7864755206924533
Recall: 0.889718482252142
F1: 0.8349174443646805
Cohen Kappa: 0.6685605197458655
