Test Results: 

Accuracy: 0.6861111111111111
Precision: 0.9364272091544819
Recall: 0.3605875152998776
F1: 0.52067868504772
Cohen Kappa: 0.3497289066266005
