Test Results: 

Accuracy: 0.8677662037037037
Precision: 0.8246717422487035
Recall: 0.9148102815177479
F1: 0.8674055591017235
Cohen Kappa: 0.7362348779352827
