Test Results: 

Accuracy: 0.7558159722222222
Precision: 0.9128849270664505
Recall: 0.694604712618366
F1: 0.7889247392511444
Cohen Kappa: 0.5116674329691806
