Test Results: 

Accuracy: 0.8651909722222222
Precision: 0.8076591711897992
Recall: 0.9897587499340126
F1: 0.8894845458642693
Cohen Kappa: 0.7211669173817306
