Test Results: 

Accuracy: 0.8651909722222222
Precision: 0.8076061676285641
Recall: 0.9898643298316001
F1: 0.8894950309527762
Cohen Kappa: 0.7211604932505911
