Test Results: 

Accuracy: 0.9436342592592593
Precision: 0.9237679147441917
Recall: 0.9964325038537767
F1: 0.9587253157047207
Cohen Kappa: 0.8702728325800121
