Test Results: 

Accuracy: 0.8996238425925925
Precision: 0.8445470767292956
Recall: 0.9694559913247786
F1: 0.9027010349760188
Cohen Kappa: 0.800056632529114
