Test Results: 

Accuracy: 0.9422453703703704
Precision: 0.8955951671452566
Recall: 0.9958431230797036
F1: 0.9430625285257873
Cohen Kappa: 0.884799975759514
