Test Results: 

Accuracy: 0.9497685185185185
Precision: 0.9159809683739155
Recall: 0.9858425206337731
F1: 0.9496285979572888
Cohen Kappa: 0.8996708944546009
