Test Results: 

Accuracy: 0.78359375
Precision: 0.9446953728796548
Recall: 0.5760097919216646
F1: 0.7156598106679847
Cohen Kappa: 0.5569829496337624
