Test Results: 

Accuracy: 0.889525462962963
Precision: 0.8807930908648582
Recall: 0.8862913096695226
F1: 0.8835336465133304
Cohen Kappa: 0.7784665076484161
