Test Results: 

Accuracy: 0.8664930555555556
Precision: 0.8080842829499032
Recall: 0.9920287177321438
F1: 0.8906583250391014
Cohen Kappa: 0.7237948642179144
