Test Results: 

Accuracy: 0.9272569444444444
Precision: 0.9244481816270759
Recall: 0.968421052631579
F1: 0.9459238545923855
Cohen Kappa: 0.835015297154453
