Test Results: 

Accuracy: 0.9539351851851852
Precision: 0.9204348069703592
Recall: 0.9896379299957829
F1: 0.9537827323927307
Cohen Kappa: 0.9079893522382849
