Test Results: 

Accuracy: 0.9263310185185185
Precision: 0.9027772227772228
Recall: 0.995023122660207
F1: 0.9466582861931698
Cohen Kappa: 0.8285346650205379
