Test Results: 

Accuracy: 0.8828414351851852
Precision: 0.9206349206349206
Recall: 0.8991852014974675
F1: 0.909783650096923
Cohen Kappa: 0.7428049651959876
