Test Results: 

Accuracy: 0.7622974537037037
Precision: 0.9446207726824998
Recall: 0.5282129742962056
F1: 0.6775523020763826
Cohen Kappa: 0.5120875159541023
