Test Results: 

Accuracy: 0.9404513888888889
Precision: 0.9170605583161637
Recall: 0.9997797841885048
F1: 0.9566353407223229
Cohen Kappa: 0.8621925066082687
