Test Results: 

Accuracy: 0.7969618055555555
Precision: 0.8930107073602563
Recall: 0.6482252141982864
F1: 0.7511790362043899
Cohen Kappa: 0.5868760326501252
