Test Results: 

Accuracy: 0.8312789351851851
Precision: 0.7986516034985423
Recall: 0.9255133822520192
F1: 0.8574153319476708
Cohen Kappa: 0.6535430541034606
