Test Results: 

Accuracy: 0.9421585648148149
Precision: 0.901407676234466
Recall: 0.9875896138321586
F1: 0.9425327008768146
Cohen Kappa: 0.8845556692061283
