Test Results: 

Accuracy: 0.9304976851851852
Precision: 0.9043616809400518
Recall: 0.999955956837701
F1: 0.949759464547166
Cohen Kappa: 0.8379585378010799
