Test Results: 

Accuracy: 0.8163773148148148
Precision: 0.9335415582162069
Recall: 0.6585067319461444
F1: 0.7722672791215102
Cohen Kappa: 0.6259796901418482
