Test Results: 

Accuracy: 0.8117476851851851
Precision: 0.909136295556665
Recall: 0.6686658506731946
F1: 0.7705762042457156
Cohen Kappa: 0.6171535216568503
