Test Results: 

Accuracy: 0.77109375
Precision: 0.814123006833713
Recall: 0.7546851079554453
F1: 0.7832780867325972
Cohen Kappa: 0.5414724634756677
