Test Results: 

Accuracy: 0.8784143518518519
Precision: 0.9042227254562408
Recall: 0.8308445532435741
F1: 0.865982011864515
Cohen Kappa: 0.7550815877957432
