Test Results: 

Accuracy: 0.8459780092592593
Precision: 0.8250044250398254
Recall: 0.8557527539779681
F1: 0.8400973294481661
Cohen Kappa: 0.6916347013948903
