Test Results: 

Accuracy: 0.8512731481481481
Precision: 0.8028700574889192
Recall: 0.9657921131816503
F1: 0.8768272226216152
Cohen Kappa: 0.6931346029510014
