Test Results: 

Accuracy: 0.8642939814814815
Precision: 0.8072429402888553
Recall: 0.9884390012141688
F1: 0.888699036499122
Cohen Kappa: 0.7193423346523158
