Test Results: 

Accuracy: 0.717505787037037
Precision: 0.8828828828828829
Recall: 0.5587288180330465
F1: 0.6843619669587147
Cohen Kappa: 0.4511867566411961
