Test Results: 

Accuracy: 0.9282696759259259
Precision: 0.9026196353212835
Recall: 0.9985465756441313
F1: 0.948163017794785
Cohen Kappa: 0.8327179786568311
