Test Results: 

Accuracy: 0.8611111111111112
Precision: 0.8053984020729864
Recall: 0.9844797550546376
F1: 0.8859803316072022
Cohen Kappa: 0.7128258997496004
