Test Results: 

Accuracy: 0.8210648148148149
Precision: 0.7959912773163829
Recall: 0.9056643615055694
F1: 0.8472935598577637
Cohen Kappa: 0.6334054691189017
