Test Results: 

Accuracy: 0.921238425925926
Precision: 0.8866553094832481
Recall: 0.9555691554467565
F1: 0.9198232695139912
Cohen Kappa: 0.8426403255041842
