Test Results: 

Accuracy: 0.9404513888888889
Precision: 0.9260803169755252
Recall: 0.9882404756661528
F1: 0.9561511910342182
Cohen Kappa: 0.863694021552121
