Test Results: 

Accuracy: 0.7932581018518519
Precision: 0.7229716981132075
Recall: 0.9233688776432315
F1: 0.8109738352866478
Cohen Kappa: 0.5901800629818137
