Test Results: 

Accuracy: 0.8572048611111112
Precision: 0.8040722410349918
Recall: 0.9777226416090377
F1: 0.8824356195059199
Cohen Kappa: 0.704954682514793
