Test Results: 

Accuracy: 0.8587094907407408
Precision: 0.8043553554420296
Recall: 0.9807844586390752
F1: 0.8838514783187841
Cohen Kappa: 0.7079560272975921
