Test Results: 

Accuracy: 0.7030381944444445
Precision: 0.7937593068904832
Recall: 0.6190677295043023
F1: 0.6956134887445502
Cohen Kappa: 0.41425156239039596
