Test Results: 

Accuracy: 0.946556712962963
Precision: 0.914941494149415
Recall: 0.9798180613289957
F1: 0.946269090909091
Cohen Kappa: 0.8932341999316937
