Test Results: 

Accuracy: 0.7929398148148148
Precision: 0.8993043478260869
Recall: 0.6329253365973072
F1: 0.7429597701149425
Cohen Kappa: 0.5782047801035048
