Test Results: 

Accuracy: 0.831568287037037
Precision: 0.7497219647822058
Recall: 0.974697270919935
F1: 0.8475339846512481
Cohen Kappa: 0.6664080494364181
