Test Results: 

Accuracy: 0.8309895833333333
Precision: 0.9133790062209622
Recall: 0.7098531211750306
F1: 0.7988567099418024
Cohen Kappa: 0.6570331819124295
