Test Results: 

Accuracy: 0.784519675925926
Precision: 0.9487334746190332
Recall: 0.5753365973072215
F1: 0.7162939540553926
Cohen Kappa: 0.5588016936694753
