Test Results: 

Accuracy: 0.9339868335383057
Precision: 0.90126196089308
Recall: 0.9700723934621986
F1: 0.9344020703784911
Cohen Kappa: 0.8681489226127697
