Test Results: 

Accuracy: 0.6942708333333333
Precision: 0.8355363294079948
Recall: 0.5505991659188091
F1: 0.6637815821294469
Cohen Kappa: 0.4044524275922081
