Test Results: 

Accuracy: 0.9546006944444444
Precision: 0.9191767068273092
Recall: 0.9927706488342671
F1: 0.9545573029802763
Cohen Kappa: 0.9093353789213423
