Test Results: 

Accuracy: 0.948119212962963
Precision: 0.9224974318000229
Recall: 0.9737936020242183
F1: 0.947451715952053
Cohen Kappa: 0.8962956622750348
