Test Results: 

Accuracy: 0.7825231481481482
Precision: 0.8029587995121693
Recall: 0.7993981945837513
F1: 0.8011745410295752
Cohen Kappa: 0.5611873741401325
