Test Results: 

Accuracy: 0.8961516203703703
Precision: 0.8238574131235686
Recall: 0.9969275257545636
F1: 0.9021670982690472
Cohen Kappa: 0.793623948113204
