Test Results: 

Accuracy: 0.7241319444444444
Precision: 0.9342776927003573
Recall: 0.4480416156670747
F1: 0.6056419589675712
Cohen Kappa: 0.4313581091659757
