Test Results: 

Accuracy: 0.9293692129629629
Precision: 0.9251426653239342
Recall: 0.9710636423695221
F1: 0.9475471130498313
Cohen Kappa: 0.8396507482499778
