Test Results: 

Accuracy: 0.9437210648148148
Precision: 0.9076443752086347
Recall: 0.9828302909813844
F1: 0.9437422265930061
Cohen Kappa: 0.8876200018501291
