Test Results: 

Accuracy: 0.9215277777777777
Precision: 0.9255459537695288
Recall: 0.9575864347060119
F1: 0.9412936184951077
Cohen Kappa: 0.8230928613782234
