Test Results: 

Accuracy: 0.948582175925926
Precision: 0.9220387243735763
Recall: 0.9754202060365083
F1: 0.947978570801253
Cohen Kappa: 0.8972299790875892
