Test Results: 

Accuracy: 0.9345486111111111
Precision: 0.9204475340380898
Recall: 0.9855538427659106
F1: 0.951888718734048
Cohen Kappa: 0.8499267580444969
