Test Results: 

Accuracy: 0.8430266203703703
Precision: 0.8059308257189305
Recall: 0.8798653610771113
F1: 0.8412768073963546
Cohen Kappa: 0.6866047395884768
