Test Results: 

Accuracy: 0.8085069444444445
Precision: 0.7985998922994076
Recall: 0.8040845834086391
F1: 0.8013328530259365
Cohen Kappa: 0.6165179962261311
