Test Results: 

Accuracy: 0.7134548611111111
Precision: 0.7978779491235007
Recall: 0.6391279100459273
F1: 0.7097341501304334
Cohen Kappa: 0.4335536049343126
