Test Results: 

Accuracy: 0.7223958333333333
Precision: 0.7774019346032877
Recall: 0.6915483291981207
F1: 0.7319662513270381
Cohen Kappa: 0.4461150377462364
