Test Results: 

Accuracy: 0.7530381944444444
Precision: 0.9651592062759575
Recall: 0.504006265437677
F1: 0.662207622590731
Cohen Kappa: 0.496180876083017
