Test Results: 

Accuracy: 0.946412037037037
Precision: 0.9101629860377148
Recall: 0.9857220314476776
F1: 0.9464368347987043
Cohen Kappa: 0.8929941723235871
