Test Results: 

Accuracy: 0.9332465277777777
Precision: 0.907796881247501
Recall: 0.999955956837701
F1: 0.9516504243948445
Cohen Kappa: 0.8446798459381489
