Test Results: 

Accuracy: 0.9485243055555556
Precision: 0.9091662065157372
Recall: 0.9919272245315983
F1: 0.9487452822034632
Cohen Kappa: 0.8972431241056943
