Test Results: 

Accuracy: 0.9421006944444444
Precision: 0.9230486309767062
Recall: 0.9948029068487118
F1: 0.95758346581876
Cohen Kappa: 0.8668017757821725
