Test Results: 

Accuracy: 0.7846643518518519
Precision: 0.9159989097846825
Recall: 0.7401012992732878
F1: 0.818708891595615
Cohen Kappa: 0.5608311602890881
