Test Results: 

Accuracy: 0.9475694444444445
Precision: 0.9207785555745263
Recall: 0.974697270919935
F1: 0.946971027216857
Cohen Kappa: 0.8952084359763285
