Test Results: 

Accuracy: 0.8681712962962963
Precision: 0.8834938818016141
Recall: 0.8307221542227662
F1: 0.8562957355538733
Cohen Kappa: 0.7347426540451707
