Test Results: 

Accuracy: 0.9440393518518518
Precision: 0.9231207985333062
Recall: 0.9979299713719445
F1: 0.9590687830687831
Cohen Kappa: 0.8710595903652506
