Test Results: 

Accuracy: 0.95
Precision: 0.9120988749099374
Recall: 0.9914452677872161
F1: 0.9501183534437966
Cohen Kappa: 0.9001737117106923
