Test Results: 

Accuracy: 0.938136574074074
Precision: 0.9178755739770003
Recall: 0.9948469500110108
F1: 0.9548125290611659
Cohen Kappa: 0.8572676425837996
