Test Results: 

Accuracy: 0.7443576388888888
Precision: 0.8256862997808996
Recall: 0.6763976138943145
F1: 0.7436232262557675
Cohen Kappa: 0.4936838596335368
