Test Results: 

Accuracy: 0.8300347222222222
Precision: 0.798174766141912
Recall: 0.9234017843002692
F1: 0.8562337853052034
Cohen Kappa: 0.6510619747345043
