Test Results: 

Accuracy: 0.9450520833333333
Precision: 0.9257243411360289
Recall: 0.9963003743668796
F1: 0.9597165948961627
Cohen Kappa: 0.8736812444206976
