Test Results: 

Accuracy: 0.8412905092592593
Precision: 0.9267909098057718
Recall: 0.7212974296205631
F1: 0.811233093574698
Cohen Kappa: 0.6779549995688208
