Test Results: 

Accuracy: 0.7355902777777777
Precision: 0.8903946227233305
Recall: 0.5026315789473684
F1: 0.6425442027851667
Cohen Kappa: 0.45742040154795915
