Test Results: 

Accuracy: 0.8070601851851852
Precision: 0.7926102502979738
Recall: 0.8776328986960883
F1: 0.8329575630041586
Cohen Kappa: 0.6060125979294186
