Test Results: 

Accuracy: 0.8610532407407407
Precision: 0.8056191917008861
Recall: 0.9838990656179063
F1: 0.8858786063976425
Cohen Kappa: 0.7127393233578156
