Test Results: 

Accuracy: 0.944675925925926
Precision: 0.9121162803748808
Recall: 0.9791553708054702
F1: 0.9444476727293857
Cohen Kappa: 0.8894877016545246
