Test Results: 

Accuracy: 0.6814525462962963
Precision: 0.973361747469366
Recall: 0.3354345165238678
F1: 0.49893040826544083
Cohen Kappa: 0.33865246710618946
