Test Results: 

Accuracy: 0.9331597222222222
Precision: 0.9188057004394431
Recall: 0.9853336269544153
F1: 0.9509074680154715
Cohen Kappa: 0.8466207804965301
