Test Results: 

Accuracy: 0.94453125
Precision: 0.9237606001304631
Recall: 0.9979299713719445
F1: 0.9594139690470647
Cohen Kappa: 0.8722384467637054
