Test Results: 

Accuracy: 0.940162037037037
Precision: 0.9257685166082112
Recall: 0.9881523893415547
F1: 0.9559437579889221
Cohen Kappa: 0.8630146086600852
