Test Results: 

Accuracy: 0.8455729166666667
Precision: 0.8021138644639844
Recall: 0.9534920551127065
F1: 0.8712766214032464
Cohen Kappa: 0.6818651156821103
