Test Results: 

Accuracy: 0.8878761574074074
Precision: 0.8955887019993652
Recall: 0.8635250917992656
F1: 0.8792646829724255
Cohen Kappa: 0.7746705616982356
