Test Results: 

Accuracy: 0.8620659722222223
Precision: 0.806230018145684
Recall: 0.9851132344401626
F1: 0.8867400033262848
Cohen Kappa: 0.7148149998953413
