Test Results: 

Accuracy: 0.9538194444444444
Precision: 0.9231680487392113
Recall: 0.9859027652268209
F1: 0.9535046320573326
Cohen Kappa: 0.9077329507982841
