Test Results: 

Accuracy: 0.95234375
Precision: 0.9144583656724692
Recall: 0.9937345623230315
F1: 0.9524496925253342
Cohen Kappa: 0.9048519858599479
