Test Results: 

Accuracy: 0.946556712962963
Precision: 0.9059885512989873
Recall: 0.9916260015663594
F1: 0.9468749101159145
Cohen Kappa: 0.8933294574380252
