Test Results: 

Accuracy: 0.7148726851851852
Precision: 0.8021006448181879
Recall: 0.6369635221453835
F1: 0.7100570823280173
Cohen Kappa: 0.4367625449992677
