Test Results: 

Accuracy: 0.7230034722222223
Precision: 0.7057920140412461
Recall: 0.9918079718123761
F1: 0.8247056453827984
Cohen Kappa: 0.24552033307738774
