Test Results: 

Accuracy: 0.7155381944444444
Precision: 0.8028047321547255
Recall: 0.6376497914797022
F1: 0.7107593633234282
Cohen Kappa: 0.43806791162534164
