Test Results: 

Accuracy: 0.9386284722222222
Precision: 0.923713462330177
Recall: 0.9881964325038538
F1: 0.9548675390999042
Cohen Kappa: 0.8593429805485415
