Test Results: 

Accuracy: 0.8604166666666667
Precision: 0.7956762863304919
Recall: 0.9482864137086904
F1: 0.8653040710336739
Cohen Kappa: 0.7227482562074279
