Test Results: 

Accuracy: 0.6912905092592593
Precision: 0.8633409450202002
Recall: 0.5189251966425592
F1: 0.648224471627815
Cohen Kappa: 0.40220412753273815
