Test Results: 

Accuracy: 0.8463541666666666
Precision: 0.8015216525854824
Recall: 0.956553872142744
F1: 0.8722021660649819
Cohen Kappa: 0.6833128770914052
