Test Results: 

Accuracy: 0.8243634259259259
Precision: 0.9289891395154553
Recall: 0.6805385556915544
F1: 0.7855881314023312
Cohen Kappa: 0.6427551114244552
