Test Results: 

Accuracy: 0.8591145833333333
Precision: 0.8049224369529422
Recall: 0.9806260887926939
F1: 0.8841293638894838
Cohen Kappa: 0.7088268626449798
