Test Results: 

Accuracy: 0.7461805555555555
Precision: 0.7661311423936366
Recall: 0.7728448503404952
F1: 0.7694733522548092
Cohen Kappa: 0.48713690956424127
