Test Results: 

Accuracy: 0.6952256944444445
Precision: 0.6684695512820513
Recall: 0.8808002956237132
F1: 0.7600847322506434
Cohen Kappa: 0.3632143912728055
