Test Results: 

Accuracy: 0.8913773148148149
Precision: 0.8611502839501467
Recall: 0.9951112089848051
F1: 0.9232969637530137
Cohen Kappa: 0.7405304478370427
