Test Results: 

Accuracy: 0.7165219907407407
Precision: 0.7910514256619144
Recall: 0.6561262735575146
F1: 0.717299091040254
Cohen Kappa: 0.4379522021713885
