Test Results: 

Accuracy: 0.7653935185185186
Precision: 0.8981072383134239
Recall: 0.7251706672539089
F1: 0.8024270188605683
Cohen Kappa: 0.5216353810165819
