Test Results: 

Accuracy: 0.9169139465875371
Precision: 0.9005995810156758
Recall: 0.9312766116381564
F1: 0.915681233933162
Cohen Kappa: 0.833837623940025
