Test Results: 

Accuracy: 0.9287905092592592
Precision: 0.9078820116054158
Recall: 0.9922924465976657
F1: 0.9482123692683234
Cohen Kappa: 0.8349883359796613
