Test Results: 

Accuracy: 0.940162037037037
Precision: 0.9185494665963574
Recall: 0.9973574102620568
F1: 0.9563326153976096
Cohen Kappa: 0.8618133902810278
