Test Results: 

Accuracy: 0.924537037037037
Precision: 0.9231838281743525
Recall: 0.9654701607575424
F1: 0.9438536060279872
Cohen Kappa: 0.8289873542730308
