Test Results: 

Accuracy: 0.9226317502803197
Precision: 0.9011756323477021
Recall: 0.9438805970149253
F1: 0.9220338983050846
Cohen Kappa: 0.8453359970537516
