Test Results: 

Accuracy: 0.9361400462962963
Precision: 0.9114742251485467
Recall: 0.9999119136754019
F1: 0.9536471131833743
Cohen Kappa: 0.8517320622899386
