Test Results: 

Accuracy: 0.7565104166666666
Precision: 0.79140832595217
Recall: 0.7546851079554453
F1: 0.772610587186208
Cohen Kappa: 0.510885175556228
