Test Results: 

Accuracy: 0.942505787037037
Precision: 0.9203198711310551
Recall: 0.96373275498524
F1: 0.9415261469644801
Cohen Kappa: 0.8850383172461991
