Test Results: 

Accuracy: 0.8637152777777778
Precision: 0.807209151737535
Recall: 0.9871192524943251
F1: 0.8881447705899117
Cohen Kappa: 0.7181941884649423
