Test Results: 

Accuracy: 0.951880787037037
Precision: 0.911097654959815
Recall: 0.9971082595337069
F1: 0.9521645332949805
Cohen Kappa: 0.9039556471067086
