Test Results: 

Accuracy: 0.9341001157407407
Precision: 0.902300048641512
Recall: 0.9689575404820536
F1: 0.9344415659182499
Cohen Kappa: 0.8683654375173122
