Test Results: 

Accuracy: 0.5925925925925926
Precision: 0.9896013864818024
Recall: 0.1397796817625459
F1: 0.24495924495924498
Cohen Kappa: 0.1448813305220018
