Test Results: 

Accuracy: 0.950462962962963
Precision: 0.9148876874198762
Recall: 0.9888547502861618
F1: 0.9504342790966995
Cohen Kappa: 0.9010750565741767
