Test Results: 

Accuracy: 0.9519386574074075
Precision: 0.9113338473400154
Recall: 0.9969275257545636
F1: 0.9522110653968985
Cohen Kappa: 0.9040694076990613
