Test Results: 

Accuracy: 0.9149305555555556
Precision: 0.9022574447646494
Recall: 0.9197062423500612
F1: 0.9108982907019032
Cohen Kappa: 0.8295262362730286
