Test Results: 

Accuracy: 0.7770543981481481
Precision: 0.9427750999897446
Recall: 0.5626070991432068
F1: 0.704687440113449
Cohen Kappa: 0.5432838935797246
