Test Results: 

Accuracy: 0.9432002314814815
Precision: 0.897069994574064
Recall: 0.9960238568588469
F1: 0.9439607182620114
Cohen Kappa: 0.8866976271583871
