Test Results: 

Accuracy: 0.8725694444444444
Precision: 0.7992931821528494
Recall: 0.9810229531899513
F1: 0.8808828302499189
Cohen Kappa: 0.7469241031201195
