Test Results: 

Accuracy: 0.9220689904803272
Precision: 0.8982052919060793
Recall: 0.9463378176382661
F1: 0.9216435564290133
Cohen Kappa: 0.8442383027735788
