Test Results: 

Accuracy: 0.7680266203703704
Precision: 0.8026592797783934
Recall: 0.7648207781238452
F1: 0.7832833238720839
Cohen Kappa: 0.5340550815828808
