Test Results: 

Accuracy: 0.8567418981481482
Precision: 0.800877343884397
Recall: 0.9830544264372063
F1: 0.8826638227278113
Cohen Kappa: 0.703626356080012
