Test Results: 

Accuracy: 0.8339120370370371
Precision: 0.9291497975708503
Recall: 0.7022643818849449
F1: 0.7999302892994075
Cohen Kappa: 0.6625874851427487
