Test Results: 

Accuracy: 0.9381076388888889
Precision: 0.888417320296551
Recall: 0.996264835231038
F1: 0.9392553886348792
Cohen Kappa: 0.8765907373859297
