Test Results: 

Accuracy: 0.9207870655043947
Precision: 0.885912971633159
Recall: 0.9602238805970149
F1: 0.921572840567254
Cohen Kappa: 0.841819702478053
