Test Results: 

Accuracy: 0.7342303240740741
Precision: 0.8340865516296905
Recall: 0.6430343662566648
F1: 0.72620502578472
Cohen Kappa: 0.4762661623092599
