Test Results: 

Accuracy: 0.9502314814814815
Precision: 0.9156841928814885
Recall: 0.9872883908669197
F1: 0.9501391465677179
Cohen Kappa: 0.9006028311077141
