Test Results: 

Accuracy: 0.811863425925926
Precision: 0.9112876254180602
Recall: 0.6670134638922889
F1: 0.7702473498233215
Cohen Kappa: 0.6173178527344909
