Test Results: 

Accuracy: 0.8937210648148148
Precision: 0.8905951279679309
Recall: 0.8837821297429621
F1: 0.8871755490708033
Cohen Kappa: 0.7867270973224556
