Test Results: 

Accuracy: 0.8697337962962963
Precision: 0.7877634521147533
Recall: 0.9975299716850413
F1: 0.8803232495082142
Cohen Kappa: 0.741670464094135
