Test Results: 

Accuracy: 0.944849537037037
Precision: 0.924002120112529
Recall: 0.9981501871834397
F1: 0.9596460027100271
Cohen Kappa: 0.8729742173067947
