Test Results: 

Accuracy: 0.761082175925926
Precision: 0.9535405678375042
Recall: 0.5200122399020808
F1: 0.6730030493841828
Cohen Kappa: 0.5092346705830404
