Test Results: 

Accuracy: 0.8533854166666667
Precision: 0.9217358772914328
Recall: 0.7539167686658507
F1: 0.8294226561184985
Cohen Kappa: 0.7031118109659522
