Test Results: 

Accuracy: 0.9453993055555555
Precision: 0.9237502035499104
Recall: 0.9993833957278132
F1: 0.9600795447333347
Cohen Kappa: 0.8741430439006541
