Test Results: 

Accuracy: 0.7447627314814815
Precision: 0.8032354703415219
Recall: 0.7077020535290081
F1: 0.7524485729520389
Cohen Kappa: 0.49119734700200013
