Test Results: 

Accuracy: 0.7305266203703704
Precision: 0.9612708415386635
Recall: 0.4481028151774786
F1: 0.6112618441374128
Cohen Kappa: 0.4441443795796822
