Test Results: 

Accuracy: 0.9200520833333333
Precision: 0.9179050380572671
Recall: 0.9154165913609253
F1: 0.9166591258709619
Cohen Kappa: 0.8398389791449759
