Test Results: 

Accuracy: 0.9504050925925925
Precision: 0.9123497146656324
Recall: 0.9920477137176938
F1: 0.9505310551835604
Cohen Kappa: 0.9009838420859652
