Test Results: 

Accuracy: 0.8774594907407407
Precision: 0.8544240791708145
Recall: 0.8929620563035495
F1: 0.8732680970763383
Cohen Kappa: 0.7547622617361127
