Test Results: 

Accuracy: 0.9451388888888889
Precision: 0.9256986211693465
Recall: 0.9964765470160758
F1: 0.9597844992152039
Cohen Kappa: 0.873867629823641
