Test Results: 

Accuracy: 0.8613136574074074
Precision: 0.7802677808375273
Recall: 0.9900596421471173
F1: 0.8727330660364834
Cohen Kappa: 0.7249993161758994
