Test Results: 

Accuracy: 0.9451678240740741
Precision: 0.9253536096803205
Recall: 0.9969610218013654
F1: 0.9598236054868869
Cohen Kappa: 0.8738788392443961
