Test Results: 

Accuracy: 0.762962962962963
Precision: 0.8551753274186734
Recall: 0.6097355262365203
F1: 0.7118942111556587
Cohen Kappa: 0.5199647679219621
