Test Results: 

Accuracy: 0.8346643518518518
Precision: 0.9292986425339367
Recall: 0.7038555691554468
F1: 0.8010168547151414
Cohen Kappa: 0.664143757391442
