Test Results: 

Accuracy: 0.9383101851851852
Precision: 0.9197372179377321
Recall: 0.9927328782206563
F1: 0.9548419893247481
Cohen Kappa: 0.857971831621204
