Test Results: 

Accuracy: 0.8322916666666667
Precision: 0.7983750170214697
Recall: 0.9285224093332629
F1: 0.8585444428173965
Cohen Kappa: 0.6554669906726782
