Test Results: 

Accuracy: 0.9269307288840658
Precision: 0.8872175333514838
Recall: 0.9729064039408867
F1: 0.9280882876468494
Cohen Kappa: 0.8541432316082743
