Test Results: 

Accuracy: 0.7252893518518518
Precision: 0.7965229398104563
Recall: 0.6699572401414771
F1: 0.7277784149558435
Cohen Kappa: 0.45466972721948606
