Test Results: 

Accuracy: 0.8594328703703704
Precision: 0.8047250227164554
Recall: 0.9817874676661563
F1: 0.8844818566604841
Cohen Kappa: 0.7094294927501695
