Test Results: 

Accuracy: 0.9377025462962963
Precision: 0.9252959192119857
Recall: 0.9846729795199295
F1: 0.9540614931614995
Cohen Kappa: 0.8576003426425156
