Test Results: 

Accuracy: 0.9421006944444444
Precision: 0.921018382951033
Recall: 0.9974014534243558
F1: 0.9576892986277039
Cohen Kappa: 0.8664724997827786
