Test Results: 

Accuracy: 0.8742853007165087
Precision: 0.7960341635310278
Recall: 0.9955927392246209
F1: 0.8846996349153666
Cohen Kappa: 0.7502167859464435
