Test Results: 

Accuracy: 0.9204571759259259
Precision: 0.8995675156174916
Recall: 0.9893855978859282
F1: 0.9423411707951422
Cohen Kappa: 0.8150704657971972
