Test Results: 

Accuracy: 0.8254340277777777
Precision: 0.8899145040478172
Recall: 0.719828641370869
F1: 0.7958859153500016
Cohen Kappa: 0.6463446299022881
