Test Results: 

Accuracy: 0.7264467592592593
Precision: 0.7995832544042433
Recall: 0.668479121575252
F1: 0.7281771132834962
Cohen Kappa: 0.4572553278067272
