Test Results: 

Accuracy: 0.7319155092592593
Precision: 0.8779784164974891
Recall: 0.5028763769889841
F1: 0.6394801354138293
Cohen Kappa: 0.450119397844416
