Test Results: 

Accuracy: 0.8500868055555556
Precision: 0.8029675942233181
Recall: 0.9627302961516128
F1: 0.8756211739287
Cohen Kappa: 0.6908200751234479
