Test Results: 

Accuracy: 0.9401909722222223
Precision: 0.9214589119424931
Recall: 0.9936577846289364
F1: 0.9561974188899955
Cohen Kappa: 0.8623681635902429
