Test Results: 

Accuracy: 0.7084201388888889
Precision: 0.8079327590997499
Recall: 0.6139998944201024
F1: 0.6977413839647258
Cohen Kappa: 0.42605892792542854
