Test Results: 

Accuracy: 0.9429108796296296
Precision: 0.9212108898821617
Recall: 0.9985025324818322
F1: 0.9583007502906055
Cohen Kappa: 0.8682802415378401
