Test Results: 

Accuracy: 0.9489583333333333
Precision: 0.9118773946360154
Recall: 0.989336707030544
F1: 0.9490291262135923
Cohen Kappa: 0.8980861084638739
