Test Results: 

Accuracy: 0.9315393518518519
Precision: 0.9228658156264293
Recall: 0.9774939440651839
F1: 0.9493947041964323
Cohen Kappa: 0.8438788196309654
