Test Results: 

Accuracy: 0.7405960648148148
Precision: 0.7991724634204845
Recall: 0.7035316475743019
F1: 0.748308487043432
Cohen Kappa: 0.4829314909191853
