Test Results: 

Accuracy: 0.89921875
Precision: 0.8273108404871232
Recall: 0.9986143743599012
F1: 0.9049269823938857
Cohen Kappa: 0.7996965047728593
