Test Results: 

Accuracy: 0.9171006944444444
Precision: 0.9227392823659764
Recall: 0.9536665932613961
F1: 0.93794806263672
Cohen Kappa: 0.8132081141913455
