Test Results: 

Accuracy: 0.920630787037037
Precision: 0.9163607542132488
Recall: 0.9674961462232988
F1: 0.9412344409452192
Cohen Kappa: 0.8192906212601646
