Test Results: 

Accuracy: 0.9424479166666667
Precision: 0.9256245890861275
Recall: 0.9921162739484695
F1: 0.9577177355923556
Cohen Kappa: 0.8679702949758681
