Test Results: 

Accuracy: 0.7638310185185185
Precision: 0.8310914562987531
Recall: 0.7143007971282268
F1: 0.7682829888712241
Cohen Kappa: 0.5302754827897556
