Test Results: 

Accuracy: 0.7359953703703703
Precision: 0.7971312715608546
Recall: 0.6952964155624769
F1: 0.7427395251790447
Cohen Kappa: 0.4742074822519491
