Test Results: 

Accuracy: 0.9446180555555556
Precision: 0.925052132313857
Recall: 0.9964325038537767
F1: 0.9594164793689834
Cohen Kappa: 0.8726276068988219
