Test Results: 

Accuracy: 0.7770833333333333
Precision: 0.8041348703793906
Recall: 0.7843530591775326
F1: 0.7941207910208444
Cohen Kappa: 0.5511745647380825
