Test Results: 

Accuracy: 0.925
Precision: 0.9019412934159747
Recall: 0.9440024479804161
F1: 0.9224926738831409
Cohen Kappa: 0.84991590018037
