Test Results: 

Accuracy: 0.8928819444444445
Precision: 0.829728485964105
Recall: 0.9775890113862281
F1: 0.8976103551277796
Cohen Kappa: 0.7868706805146272
