Test Results: 

Accuracy: 0.7363715277777778
Precision: 0.8880300590445518
Recall: 0.5062423500611996
F1: 0.6448645488208926
Cohen Kappa: 0.45918251885103734
