Test Results: 

Accuracy: 0.7348668981481481
Precision: 0.7764898790003393
Recall: 0.7249643667845642
F1: 0.7498430205574819
Cohen Kappa: 0.4685320636066429
