Test Results: 

Accuracy: 0.9418981481481481
Precision: 0.9216477203275883
Recall: 0.9962563312045805
F1: 0.9575008465966813
Cohen Kappa: 0.8661315902550815
