Test Results: 

Accuracy: 0.828587962962963
Precision: 0.932845744680851
Recall: 0.6869033047735618
F1: 0.7912025941068659
Cohen Kappa: 0.6514170146365277
