Test Results: 

Accuracy: 0.8441550925925926
Precision: 0.7912058698426202
Recall: 0.9107099143206855
F1: 0.8467622624331399
Cohen Kappa: 0.6898023002137885
