Test Results: 

Accuracy: 0.763917824074074
Precision: 0.7882805816937554
Recall: 0.7783350050150452
F1: 0.7832762238690998
Cohen Kappa: 0.5240610912817936
