Test Results: 

Accuracy: 0.9063368055555555
Precision: 0.8505913201691016
Recall: 0.9727662178702571
F1: 0.9075855768407229
Cohen Kappa: 0.8134996758146096
