Test Results: 

Accuracy: 0.9392361111111112
Precision: 0.9157418990355515
Recall: 0.9994714820524113
F1: 0.9557764393716043
Cohen Kappa: 0.8592972871165299
