Test Results: 

Accuracy: 0.9245081018518518
Precision: 0.8891345009352151
Recall: 0.9600367197062424
F1: 0.9232263190418738
Cohen Kappa: 0.8491885418199167
