Test Results: 

Accuracy: 0.7039351851851852
Precision: 0.7901152334643309
Recall: 0.6261943725914586
F1: 0.6986688655907645
Cohen Kappa: 0.4152532218303313
