Test Results: 

Accuracy: 0.9295717592592593
Precision: 0.889298081679767
Recall: 0.974697270919935
F1: 0.9300413888250172
Cohen Kappa: 0.859436205822674
