Test Results: 

Accuracy: 0.7406539351851852
Precision: 0.8272989636626
Recall: 0.6658396241355646
F1: 0.7378396560297172
Cohen Kappa: 0.4871178327538299
