Test Results: 

Accuracy: 0.8266782407407407
Precision: 0.9001701206309929
Recall: 0.7124235006119951
F1: 0.7953675867723421
Cohen Kappa: 0.6485458893119476
