Test Results: 

Accuracy: 0.9335358796296296
Precision: 0.9159126110703514
Recall: 0.9896939000220216
F1: 0.9513749232625586
Cohen Kappa: 0.8468935134637849
