Test Results: 

Accuracy: 0.9496238425925926
Precision: 0.9222462203023758
Recall: 0.9775287667931803
F1: 0.9490831456730909
Cohen Kappa: 0.8993197848786874
