Test Results: 

Accuracy: 0.8107638888888888
Precision: 0.9332449160035367
Recall: 0.6459608323133414
F1: 0.7634719710669077
Cohen Kappa: 0.6142786052331404
