Test Results: 

Accuracy: 0.9439236111111111
Precision: 0.9225916731105775
Recall: 0.9984144461572341
F1: 0.9590066841526356
Cohen Kappa: 0.8707225557285523
