Test Results: 

Accuracy: 0.7280960648148148
Precision: 0.8940075793462814
Recall: 0.6649636643911033
F1: 0.7626600661733136
Cohen Kappa: 0.4600377088702303
