Test Results: 

Accuracy: 0.9306134259259259
Precision: 0.9145470134324093
Recall: 0.9865668354987888
F1: 0.9491927624051866
Cohen Kappa: 0.8402983799054122
