Test Results: 

Accuracy: 0.9230902777777777
Precision: 0.8866719421207325
Recall: 0.9600367197062424
F1: 0.9218970380818053
Cohen Kappa: 0.8463797998619866
