Test Results: 

Accuracy: 0.759056712962963
Precision: 0.9773776546629732
Recall: 0.5101512139285499
F1: 0.6703875232553537
Cohen Kappa: 0.5084544951222506
