Test Results: 

Accuracy: 0.7273726851851852
Precision: 0.7972897021170299
Recall: 0.6739692762498021
F1: 0.7304611511614602
Cohen Kappa: 0.45856592987726674
