Test Results: 

Accuracy: 0.7205729166666667
Precision: 0.7293065981825365
Recall: 0.7795491738373014
F1: 0.7535913857773469
Cohen Kappa: 0.43175279757093765
