Test Results: 

Accuracy: 0.9325810185185185
Precision: 0.9109971772567544
Recall: 0.9527079944574974
F1: 0.9313858295541552
Cohen Kappa: 0.8651863266541694
