Test Results: 

Accuracy: 0.9468171296296296
Precision: 0.9248258792378979
Recall: 0.9679498764985842
F1: 0.9458966207464972
Cohen Kappa: 0.8936568147483427
