Test Results: 

Accuracy: 0.8306423611111111
Precision: 0.7982863913954972
Recall: 0.9246687430713192
F1: 0.8568423627247156
Cohen Kappa: 0.6522557781142726
