Test Results: 

Accuracy: 0.9511574074074074
Precision: 0.9147243700283696
Recall: 0.990662088077595
F1: 0.9511800092549745
Cohen Kappa: 0.9024698503683667
