Test Results: 

Accuracy: 0.9511574074074074
Precision: 0.9128869690424766
Recall: 0.993071871799506
F1: 0.9512927054478301
Cohen Kappa: 0.902487613502464
