Test Results: 

Accuracy: 0.8962094907407407
Precision: 0.8767503692762186
Recall: 0.9081395348837209
F1: 0.8921689463399971
Cohen Kappa: 0.7921867388262842
