Test Results: 

Accuracy: 0.69453125
Precision: 0.8295347375039296
Recall: 0.5571979095180277
F1: 0.6666245618467175
Cohen Kappa: 0.40418080079345986
