Test Results: 

Accuracy: 0.8618055555555556
Precision: 0.8051259961231962
Recall: 0.9866969329039751
F1: 0.8867118933535746
Cohen Kappa: 0.7141630236392151
