Test Results: 

Accuracy: 0.8566261574074074
Precision: 0.8628800917957544
Recall: 0.8283965728274174
F1: 0.8452867892715522
Cohen Kappa: 0.7118070765030798
