Test Results: 

Accuracy: 0.9302662037037037
Precision: 0.9066645293151124
Recall: 0.9964325038537767
F1: 0.9494313651433127
Cohen Kappa: 0.8379405568400106
