Test Results: 

Accuracy: 0.9381076388888889
Precision: 0.9185866644956444
Recall: 0.9938780004404316
F1: 0.9547502697213938
Cohen Kappa: 0.8573294628497847
