Test Results: 

Accuracy: 0.811863425925926
Precision: 0.9315669415686962
Recall: 0.6498164014687883
F1: 0.7655923282140025
Cohen Kappa: 0.6166280387179388
