Test Results: 

Accuracy: 0.8239293981481481
Precision: 0.7846453555299743
Recall: 0.9355434725228317
F1: 0.8534758843217992
Cohen Kappa: 0.6371358003654994
