Test Results: 

Accuracy: 0.7255208333333333
Precision: 0.9922491349480969
Recall: 0.43189348755949153
F1: 0.6018300873069173
Cohen Kappa: 0.4381575010836726
