Test Results: 

Accuracy: 0.8187210648148148
Precision: 0.7855642754504255
Recall: 0.8563166455810591
F1: 0.8194160205228721
Cohen Kappa: 0.6381139541917074
