Test Results: 

Accuracy: 0.817505787037037
Precision: 0.9243000930389917
Recall: 0.6687882496940024
F1: 0.7760536874622731
Cohen Kappa: 0.6286318935006452
