Test Results: 

Accuracy: 0.9486111111111111
Precision: 0.9230066777010445
Recall: 0.9742755587686005
F1: 0.9479484173505276
Cohen Kappa: 0.8972786817527223
