Test Results: 

Accuracy: 0.9418981481481481
Precision: 0.9213387077073409
Recall: 0.9966527196652719
F1: 0.9575170312698346
Cohen Kappa: 0.8660811375266922
