Test Results: 

Accuracy: 0.9037615740740741
Precision: 0.8359402682865097
Recall: 0.9948792095909392
F1: 0.9085107553501678
Cohen Kappa: 0.8086035089296753
