Test Results: 

Accuracy: 0.9278935185185185
Precision: 0.922777661577076
Recall: 0.9715481171548117
F1: 0.9465350783093758
Cohen Kappa: 0.8360537395095196
