Test Results: 

Accuracy: 0.7438657407407407
Precision: 0.7785260833563346
Recall: 0.7444966478382516
F1: 0.7611311997409466
Cohen Kappa: 0.4853380925753137
