Test Results: 

Accuracy: 0.7918981481481482
Precision: 0.9418469860896446
Recall: 0.5966952264381885
F1: 0.7305559718267646
Cohen Kappa: 0.5745166630330347
