Test Results: 

Accuracy: 0.9446469907407408
Precision: 0.9250551966636683
Recall: 0.9964765470160758
F1: 0.9594385429255984
Cohen Kappa: 0.8726914948619866
