Test Results: 

Accuracy: 0.9232328350646061
Precision: 0.8851494630275669
Recall: 0.9669705574652518
F1: 0.9242527052605265
Cohen Kappa: 0.8467450893119635
