Test Results: 

Accuracy: 0.9417824074074074
Precision: 0.9194810460166227
Recall: 0.9988548777802246
F1: 0.9575258602491028
Cohen Kappa: 0.8655215338052685
