Test Results: 

Accuracy: 0.9316840277777778
Precision: 0.9119791666666667
Recall: 0.9493945418398698
F1: 0.9303108120074381
Cohen Kappa: 0.8633680555555556
