Test Results: 

Accuracy: 0.9441261574074075
Precision: 0.8964324324324324
Recall: 0.9990963311042834
F1: 0.944984187583692
Cohen Kappa: 0.8885623787818704
