Test Results: 

Accuracy: 0.8006944444444445
Precision: 0.7936090408690145
Recall: 0.8600538457477697
F1: 0.8254965545196594
Cohen Kappa: 0.594043169441798
