Test Results: 

Accuracy: 0.6969907407407407
Precision: 0.972007722007722
Recall: 0.3697674418604651
F1: 0.5357332860436247
Cohen Kappa: 0.37211219610501445
