Test Results: 

Accuracy: 0.8322627314814814
Precision: 0.7878870624214953
Recall: 0.8829253365973072
F1: 0.8327032408877088
Cohen Kappa: 0.665610766773997
