Test Results: 

Accuracy: 0.7219328703703703
Precision: 0.7776521687392158
Recall: 0.6899646307343081
F1: 0.7311888111888113
Cohen Kappa: 0.44532691833367377
