Test Results: 

Accuracy: 0.9453703703703704
Precision: 0.9247153874403232
Recall: 0.9981061440211407
F1: 0.9600101669067187
Cohen Kappa: 0.874226462523843
