Test Results: 

Accuracy: 0.8210069444444444
Precision: 0.7499879963508906
Recall: 0.9410205434062293
F1: 0.834713835301662
Cohen Kappa: 0.6448865732970935
