Test Results: 

Accuracy: 0.9410879629629629
Precision: 0.9233889139251915
Recall: 0.9926888350583571
F1: 0.9567856688033282
Cohen Kappa: 0.8646445209904489
