Test Results: 

Accuracy: 0.83359375
Precision: 0.7547674964772193
Recall: 0.9680703656846797
F1: 0.84821452136504
Cohen Kappa: 0.6702036287819557
