Test Results: 

Accuracy: 0.8480034722222223
Precision: 0.8017279379352905
Recall: 0.960143588660719
F1: 0.8738139277907228
Cohen Kappa: 0.6865702245152419
