Test Results: 

Accuracy: 0.9445601851851851
Precision: 0.9238673897973331
Recall: 0.9978418850473464
F1: 0.9594308461082409
Cohen Kappa: 0.8723184510911615
