Test Results: 

Accuracy: 0.9358217592592593
Precision: 0.9110058981663524
Recall: 1.0
F1: 0.9534307550180566
Cohen Kappa: 0.8509459180265628
