Test Results: 

Accuracy: 0.9487268518518519
Precision: 0.9116095719282661
Recall: 0.9891559732514007
F1: 0.9488009245882693
Cohen Kappa: 0.8976243801363302
