Test Results: 

Accuracy: 0.8455729166666667
Precision: 0.8440372709649178
Recall: 0.8260097919216646
F1: 0.8349262317899229
Cohen Kappa: 0.689887450933421
