Test Results: 

Accuracy: 0.864988425925926
Precision: 0.8073627556512379
Recall: 0.9898643298316001
F1: 0.8893473724151015
Cohen Kappa: 0.7207302858855489
