Test Results: 

Accuracy: 0.7575810185185186
Precision: 0.8186259726159599
Recall: 0.7164651850287705
F1: 0.7641461629412758
Cohen Kappa: 0.5170475398021477
