Test Results: 

Accuracy: 0.7592303240740741
Precision: 0.8358416592892374
Recall: 0.6977775431557831
F1: 0.7605949880599591
Cohen Kappa: 0.5223604186707573
