Test Results: 

Accuracy: 0.7627604166666667
Precision: 0.949034749034749
Recall: 0.5264993880048959
F1: 0.6772682542806533
Cohen Kappa: 0.5129244974581979
