Test Results: 

Accuracy: 0.9363425925925926
Precision: 0.8913409795075284
Recall: 0.9878908367973974
F1: 0.9371356726483028
Cohen Kappa: 0.8730086945050275
