Test Results: 

Accuracy: 0.846556712962963
Precision: 0.8014764388648219
Recall: 0.9571345615794753
F1: 0.8724166967400458
Cohen Kappa: 0.6837031239710781
