Test Results: 

Accuracy: 0.7361111111111112
Precision: 0.7585136059792621
Recall: 0.7607559520667265
F1: 0.7596331242422646
Cohen Kappa: 0.46712058475286966
