Test Results: 

Accuracy: 0.6088831018518519
Precision: 0.912937595129376
Recall: 0.3166341128649105
F1: 0.4701916669932975
Cohen Kappa: 0.26179829260931886
