Test Results: 

Accuracy: 0.9191261574074074
Precision: 0.8610210273041113
Recall: 0.9916862461594071
F1: 0.9217459473080045
Cohen Kappa: 0.8389275056316643
