Test Results: 

Accuracy: 0.9410590277777777
Precision: 0.918143562353322
Recall: 0.9993833957278132
F1: 0.9570425356924439
Cohen Kappa: 0.8637104460292265
