Test Results: 

Accuracy: 0.6513888888888889
Precision: 0.8972638485051816
Recall: 0.5300594582691037
F1: 0.6664267124425494
Cohen Kappa: 0.34854660557025596
