Test Results: 

Accuracy: 0.8630787037037037
Precision: 0.8070258825562805
Recall: 0.9859578736208626
F1: 0.8875635603288504
Cohen Kappa: 0.7169137587690471
