Test Results: 

Accuracy: 0.9481481481481482
Precision: 0.9227431051219095
Recall: 0.9735526236520272
F1: 0.9474671669793622
Cohen Kappa: 0.8963513744158285
