Test Results: 

Accuracy: 0.9516203703703704
Precision: 0.912097620230799
Recall: 0.995180432556178
F1: 0.9518294439642755
Cohen Kappa: 0.9034237743685943
