Test Results: 

Accuracy: 0.8638310185185185
Precision: 0.807030407591115
Recall: 0.98775273187985
F1: 0.8882928218761869
Cohen Kappa: 0.7184010846241141
