Test Results: 

Accuracy: 0.8518518518518519
Precision: 0.8026183282980867
Recall: 0.9676925513382252
F1: 0.8774591929539036
Cohen Kappa: 0.6942372790750762
