Test Results: 

Accuracy: 0.8647280092592593
Precision: 0.8067595459236326
Recall: 0.9904450192683313
F1: 0.8892153842508117
Cohen Kappa: 0.7201416452428694
