Test Results: 

Accuracy: 0.9443865740740741
Precision: 0.914300231468413
Recall: 0.9756611844086993
F1: 0.9439846117976218
Cohen Kappa: 0.8888828789398683
