Test Results: 

Accuracy: 0.9252314814814815
Precision: 0.9013303769401331
Recall: 0.9453488372093023
F1: 0.9228149829738932
Cohen Kappa: 0.8503960867494914
