Test Results: 

Accuracy: 0.940306712962963
Precision: 0.9193482853892411
Recall: 0.9965646333406739
F1: 0.95640044804193
Cohen Kappa: 0.8622659639451469
