Test Results: 

Accuracy: 0.9439814814814815
Precision: 0.9227700199487033
Recall: 0.998282316670337
F1: 0.9590420580519591
Cohen Kappa: 0.8708776019742317
