Test Results: 

Accuracy: 0.7252604166666666
Precision: 0.6378026070763501
Recall: 0.990421109705404
F1: 0.775929203539823
Cohen Kappa: 0.46096540839889133
