Test Results: 

Accuracy: 0.8079861111111111
Precision: 0.9338340486409156
Recall: 0.6391676866585068
F1: 0.7589013224821974
Cohen Kappa: 0.6084583588738359
