Test Results: 

Accuracy: 0.9451967592592593
Precision: 0.924939763956385
Recall: 0.997533582911253
F1: 0.95986607899644
Cohen Kappa: 0.8738795129140925
