Test Results: 

Accuracy: 0.9133969907407408
Precision: 0.9333673079373168
Recall: 0.882703777335984
F1: 0.9073288540731337
Cohen Kappa: 0.8261667918645275
