Test Results: 

Accuracy: 0.9502893518518518
Precision: 0.9105103448275862
Recall: 0.9942165190674137
F1: 0.950524133164382
Cohen Kappa: 0.9007699352862881
