Test Results: 

Accuracy: 0.7688368055555556
Precision: 0.8125427984478429
Recall: 0.7516760808742016
F1: 0.780925220061974
Cohen Kappa: 0.5370444905834493
