Test Results: 

Accuracy: 0.8753472222222223
Precision: 0.9047362755651238
Recall: 0.8230110159118728
F1: 0.8619407768234841
Cohen Kappa: 0.748783777508766
