Test Results: 

Accuracy: 0.705324074074074
Precision: 0.7917915917116397
Recall: 0.6273557514649211
F1: 0.7000471253534402
Cohen Kappa: 0.4180091690296178
