Test Results: 

Accuracy: 0.9305867033205527
Precision: 0.8941766240900975
Recall: 0.971788939473095
F1: 0.9313686921068631
Cohen Kappa: 0.8614006895340431
