Test Results: 

Accuracy: 0.9536747685185185
Precision: 0.9211501740986184
Recall: 0.9881318151695885
F1: 0.9534660659787821
Cohen Kappa: 0.9074605496424454
