Test Results: 

Accuracy: 0.9517939814814815
Precision: 0.9244017506962997
Recall: 0.979757816735948
F1: 0.9512751520823585
Cohen Kappa: 0.9036567371275634
