Test Results: 

Accuracy: 0.9232060185185185
Precision: 0.9040096715696152
Recall: 0.9880202598546576
F1: 0.9441498316498317
Cohen Kappa: 0.822051305282524
