Test Results: 

Accuracy: 0.9449942129629629
Precision: 0.9248141795311606
Recall: 0.9973574102620568
F1: 0.9597168951706894
Cohen Kappa: 0.8734160328177573
