Test Results: 

Accuracy: 0.9346764567584186
Precision: 0.901120952117354
Recall: 0.971865671641791
F1: 0.9351572598018095
Cohen Kappa: 0.8695346398570508
