Test Results: 

Accuracy: 0.7229166666666667
Precision: 0.7859454179131815
Recall: 0.6795650108219395
F1: 0.7288941736028538
Cohen Kappa: 0.4486002503132631
