Test Results: 

Accuracy: 0.9094039351851851
Precision: 0.8638426626323752
Recall: 0.9631905536478101
F1: 0.9108155068789701
Cohen Kappa: 0.8193139079006042
