Test Results: 

Accuracy: 0.7475694444444444
Precision: 0.7319863791146425
Recall: 0.8510795544528322
F1: 0.7870533099004101
Cohen Kappa: 0.48143498826216935
