Test Results: 

Accuracy: 0.9434699265796231
Precision: 0.8960326486920452
Recall: 0.999328458439039
F1: 0.9448657800980633
Cohen Kappa: 0.8872197173775698
