Test Results: 

Accuracy: 0.8472511574074074
Precision: 0.8487294280849991
Recall: 0.8237454100367197
F1: 0.8360508090313363
Cohen Kappa: 0.6931295709996002
