Test Results: 

Accuracy: 0.7179398148148148
Precision: 0.7940894262137785
Recall: 0.6553344243256084
F1: 0.718070337806571
Cohen Kappa: 0.4410071176006616
