Test Results: 

Accuracy: 0.7286168981481481
Precision: 0.8520318021201413
Recall: 0.6109908673388587
F1: 0.7116549328250377
Cohen Kappa: 0.46818093541650285
