Test Results: 

Accuracy: 0.9434027777777778
Precision: 0.9160179555656571
Recall: 0.9712030845231641
F1: 0.9428036727293994
Cohen Kappa: 0.8868878479282003
