Test Results: 

Accuracy: 0.93828125
Precision: 0.9179941482444733
Recall: 0.9949350363356089
F1: 0.9549172531862279
Cohen Kappa: 0.8576044258317751
