Test Results: 

Accuracy: 0.7700810185185185
Precision: 0.8331818457250197
Recall: 0.725861795914058
F1: 0.7758280200868927
Cohen Kappa: 0.542143360162088
