Test Results: 

Accuracy: 0.939699074074074
Precision: 0.9238294898672257
Recall: 0.9898260295089187
F1: 0.9556897431535976
Cohen Kappa: 0.8616901415753465
