Test Results: 

Accuracy: 0.9290219907407408
Precision: 0.9085041148943037
Recall: 0.9918520149746752
F1: 0.9483502831996294
Cohen Kappa: 0.8356216273861576
