Test Results: 

Accuracy: 0.9450520833333333
Precision: 0.9236094144474306
Recall: 0.9989870072671218
F1: 0.9598205784651842
Cohen Kappa: 0.8733585923638226
