Test Results: 

Accuracy: 0.6754340277777777
Precision: 0.9714706423706976
Recall: 0.3230110159118727
F1: 0.48482064942819086
Cohen Kappa: 0.32572092430093946
