Test Results: 

Accuracy: 0.9504918981481482
Precision: 0.9190969485418309
Recall: 0.9834929815049099
F1: 0.9502051744710573
Cohen Kappa: 0.9010925228939614
