Test Results: 

Accuracy: 0.9503761574074074
Precision: 0.9070225333625027
Recall: 0.9990963311042834
F1: 0.9508356506034458
Cohen Kappa: 0.9009790507902169
