Test Results: 

Accuracy: 0.9498842592592592
Precision: 0.9145613741564887
Recall: 0.9879510813904452
F1: 0.949840718216044
Cohen Kappa: 0.8999171122374221
