Test Results: 

Accuracy: 0.8533564814814815
Precision: 0.8941258741258741
Recall: 0.7824969400244798
F1: 0.8345953002610966
Cohen Kappa: 0.7039355342106011
