Test Results: 

Accuracy: 0.9426215277777777
Precision: 0.9212131067566469
Recall: 0.9980180576965426
F1: 0.9580787687884489
Cohen Kappa: 0.8676459188117339
