Test Results: 

Accuracy: 0.9347800925925925
Precision: 0.8885150044130626
Recall: 0.9857405140758874
F1: 0.9346060113728675
Cohen Kappa: 0.8699074722293774
