Test Results: 

Accuracy: 0.8629629629629629
Precision: 0.8061985430406483
Recall: 0.9873304122895
F1: 0.8876180532485406
Cohen Kappa: 0.7165830866718916
