Test Results: 

Accuracy: 0.9416377314814814
Precision: 0.9212755559175695
Recall: 0.9963003743668796
F1: 0.9573202987790685
Cohen Kappa: 0.8655006165658737
