Test Results: 

Accuracy: 0.9504050925925925
Precision: 0.909536125020635
Recall: 0.9957828784866558
F1: 0.950707465777062
Cohen Kappa: 0.9010117870654917
