Test Results: 

Accuracy: 0.9179108796296296
Precision: 0.9034841331500627
Recall: 0.9252141982864137
F1: 0.9142200586581198
Cohen Kappa: 0.8355385602095945
