Test Results: 

Accuracy: 0.7499710648148148
Precision: 0.9520845566647094
Recall: 0.49614443084455323
F1: 0.652343592838463
Cohen Kappa: 0.48575272085309473
