Test Results: 

Accuracy: 0.8493344907407407
Precision: 0.9005540764193711
Recall: 0.7659118727050184
F1: 0.8277937626087244
Cohen Kappa: 0.6954253151073403
