Test Results: 

Accuracy: 0.8579861111111111
Precision: 0.8044600633433121
Recall: 0.9788312305337064
F1: 0.8831205943989331
Cohen Kappa: 0.7065435851455254
