Test Results: 

Accuracy: 0.7723958333333333
Precision: 0.9498832023784243
Recall: 0.5474908200734394
F1: 0.6946191474493362
Cohen Kappa: 0.5332393890664862
