Test Results: 

Accuracy: 0.879542824074074
Precision: 0.8763211570554422
Recall: 0.867686658506732
F1: 0.8719825332882316
Cohen Kappa: 0.7582477364660298
