Test Results: 

Accuracy: 0.7373263888888889
Precision: 0.9519541946726413
Recall: 0.46805385556915546
F1: 0.6275539509313204
Cohen Kappa: 0.4589031881792778
