Test Results: 

Accuracy: 0.928125
Precision: 0.9013855254277661
Recall: 1.0
F1: 0.9481354658203532
Cohen Kappa: 0.8321280782754021
