Test Results: 

Accuracy: 0.8497974537037037
Precision: 0.7951833090066112
Recall: 0.9778282215066252
F1: 0.8770982787603288
Cohen Kappa: 0.6891844221396556
