Test Results: 

Accuracy: 0.8642650462962963
Precision: 0.8318236198940352
Recall: 0.8935740514075887
F1: 0.8615938394358718
Cohen Kappa: 0.7287631976200366
