Test Results: 

Accuracy: 0.8461805555555556
Precision: 0.8014156160141561
Recall: 0.9563427123475691
F1: 0.872051602965245
Cohen Kappa: 0.6829586779383828
