Test Results: 

Accuracy: 0.9468171296296296
Precision: 0.9253883475353691
Recall: 0.9996476547016075
F1: 0.9610857046070459
Cohen Kappa: 0.8775060920303718
