Test Results: 

Accuracy: 0.8484375
Precision: 0.9223862425810379
Recall: 0.7418604651162791
F1: 0.8223322705379553
Cohen Kappa: 0.692874196986665
