Test Results: 

Accuracy: 0.939699074074074
Precision: 0.9234117695371853
Recall: 0.9903545474565074
F1: 0.9557123427405644
Cohen Kappa: 0.8616209436565285
