Test Results: 

Accuracy: 0.7127893518518519
Precision: 0.9921817377194276
Recall: 0.4052051328393277
F1: 0.5754127812473266
Cohen Kappa: 0.411484245454406
