Test Results: 

Accuracy: 0.84140625
Precision: 0.8153569146773538
Recall: 0.8591187270501836
F1: 0.8366659713323598
Cohen Kappa: 0.6827495808087903
