Test Results: 

Accuracy: 0.6972222222222222
Precision: 0.6688707428799044
Recall: 0.8864488201446444
F1: 0.7624409734834726
Cohen Kappa: 0.3668517222123644
