Test Results: 

Accuracy: 0.7386284722222223
Precision: 0.8923853506605091
Recall: 0.5085067319461445
F1: 0.6478499863553078
Cohen Kappa: 0.46380557508060427
