Test Results: 

Accuracy: 0.7216724537037037
Precision: 0.9919650408796166
Recall: 0.4239412012771854
F1: 0.5940151099480859
Cohen Kappa: 0.4301058362356167
