Test Results: 

Accuracy: 0.5457465277777778
Precision: 0.9859611231101512
Recall: 0.05500331345261763
F1: 0.10419400855920115
Cohen Kappa: 0.056294897909153874
