Test Results: 

Accuracy: 0.76484375
Precision: 0.8183048852266039
Recall: 0.7339386580795016
F1: 0.7738290707706008
Cohen Kappa: 0.5304458827111762
