Test Results: 

Accuracy: 0.9418402777777778
Precision: 0.8953872838636241
Recall: 0.995180432556178
F1: 0.942650079890436
Cohen Kappa: 0.8839898485907
