Test Results: 

Accuracy: 0.9508101851851852
Precision: 0.9129205698132032
Recall: 0.9922284474968371
F1: 0.9509237875288684
Cohen Kappa: 0.9017908201235785
