Test Results: 

Accuracy: 0.9373263888888889
Precision: 0.924517382497623
Recall: 0.985025324818322
F1: 0.9538126919140225
Cohen Kappa: 0.8566542027100273
