Test Results: 

Accuracy: 0.7456886574074074
Precision: 0.9816230883078441
Recall: 0.479486716067233
F1: 0.6442708544137289
Cohen Kappa: 0.4805105462701593
