Test Results: 

Accuracy: 0.8630208333333333
Precision: 0.806585250075519
Recall: 0.9866969329039751
F1: 0.8875961629784405
Cohen Kappa: 0.7167451872585376
