Test Results: 

Accuracy: 0.9296296296296296
Precision: 0.8964200205221754
Recall: 0.9623623011015912
F1: 0.9282214745292486
Cohen Kappa: 0.8593752446923264
