Test Results: 

Accuracy: 0.9320601851851852
Precision: 0.8785930609425642
Recall: 0.9962045906379903
F1: 0.9337097684923772
Cohen Kappa: 0.8645962454704451
