Test Results: 

Accuracy: 0.8408275462962963
Precision: 0.7840259944447356
Recall: 0.9155446756425949
F1: 0.8446966488806076
Cohen Kappa: 0.6834498124388135
