Test Results: 

Accuracy: 0.9361400462962963
Precision: 0.9235123966942149
Recall: 0.9843206342215371
F1: 0.9529474469672743
Cohen Kappa: 0.8539135071444058
