Test Results: 

Accuracy: 0.8856770833333333
Precision: 0.9232262141180718
Recall: 0.9009028848271305
F1: 0.9119279552395175
Cohen Kappa: 0.7491300444871339
