Test Results: 

Accuracy: 0.94375
Precision: 0.9241959870867558
Recall: 0.9960801585553842
F1: 0.9587926064100389
Cohen Kappa: 0.8705933236891762
