Test Results: 

Accuracy: 0.7618634259259259
Precision: 0.8149955895324904
Recall: 0.7316159003325767
F1: 0.7710581951708022
Cohen Kappa: 0.5244551830599464
