Test Results: 

Accuracy: 0.8613715277777778
Precision: 0.8043179081369345
Recall: 0.9872776223407064
F1: 0.8864557412015641
Cohen Kappa: 0.7132041753139442
