Test Results: 

Accuracy: 0.8545717592592592
Precision: 0.8012207263754816
Recall: 0.9770891622235126
F1: 0.8804585672152982
Cohen Kappa: 0.6993982484522767
