Test Results: 

Accuracy: 0.9388310185185185
Precision: 0.9255218020252118
Recall: 0.9862585333626954
F1: 0.9549253731343283
Cohen Kappa: 0.8600839325884979
