Test Results: 

Accuracy: 0.9388310185185185
Precision: 0.8896121362095863
Recall: 0.996264835231038
F1: 0.9399227009207685
Cohen Kappa: 0.8780261749723728
