Test Results: 

Accuracy: 0.809693287037037
Precision: 0.7978483119353305
Recall: 0.8086631724802699
F1: 0.803219339975466
Cohen Kappa: 0.6189903321041583
