Test Results: 

Accuracy: 0.949681712962963
Precision: 0.9076593876879183
Recall: 0.9966263027893246
F1: 0.9500646087580761
Cohen Kappa: 0.8995800818831206
