Test Results: 

Accuracy: 0.8591435185185186
Precision: 0.7995063199557391
Recall: 0.9917119780393813
F1: 0.885296889726673
Cohen Kappa: 0.7081829686886083
