Test Results: 

Accuracy: 0.9107349537037037
Precision: 0.8755140602423029
Recall: 0.949093318874631
F1: 0.9108201081143584
Cohen Kappa: 0.8217601510079585
