Test Results: 

Accuracy: 0.9467013888888889
Precision: 0.9246129941877194
Recall: 0.9679498764985842
F1: 0.945785260183659
Cohen Kappa: 0.8934263543786866
