Test Results: 

Accuracy: 0.8413194444444444
Precision: 0.903029403029403
Recall: 0.7443084455324357
F1: 0.8160225442834137
Cohen Kappa: 0.6787841924847784
