Test Results: 

Accuracy: 0.8769965277777778
Precision: 0.7996505532906232
Recall: 0.9925899150551238
F1: 0.8857350213692444
Cohen Kappa: 0.7558439774476836
