Test Results: 

Accuracy: 0.8149594907407407
Precision: 0.8221574344023324
Recall: 0.7766217870257038
F1: 0.7987411487018095
Cohen Kappa: 0.6277569433286141
