Test Results: 

Accuracy: 0.9491319444444445
Precision: 0.9219789593403469
Recall: 0.9767455870835593
F1: 0.9485724315469225
Cohen Kappa: 0.8983346073200211
