Test Results: 

Accuracy: 0.9440104166666666
Precision: 0.9235318107667211
Recall: 0.9973574102620568
F1: 0.9590259396506089
Cohen Kappa: 0.8710603906966413
