Test Results: 

Accuracy: 0.7855613425925926
Precision: 0.7981694073844244
Recall: 0.8148128596315262
F1: 0.8064052663201066
Cohen Kappa: 0.5661500141342819
