Test Results: 

Accuracy: 0.8065104166666667
Precision: 0.7969567745687148
Recall: 0.8681834978620071
F1: 0.8310467672250436
Cohen Kappa: 0.6056501387228331
