Test Results: 

Accuracy: 0.9438946759259259
Precision: 0.9233811776219214
Recall: 0.9973574102620568
F1: 0.9589447161701496
Cohen Kappa: 0.8707830360004273
