Test Results: 

Accuracy: 0.8803819444444444
Precision: 0.898784631468897
Recall: 0.8417992656058751
F1: 0.8693591202123624
Cohen Kappa: 0.7592663985450475
