Test Results: 

Accuracy: 0.5426504629629629
Precision: 0.9865030674846625
Recall: 0.04843665281041026
F1: 0.09233949695647181
Cohen Kappa: 0.049612953127266324
