Test Results: 

Accuracy: 0.9451678240740741
Precision: 0.8986984815618221
Recall: 0.9983733959877101
F1: 0.9459174063186735
Cohen Kappa: 0.8906250062627685
