Test Results: 

Accuracy: 0.7505208333333333
Precision: 0.7856945136466811
Recall: 0.7491949532808954
F1: 0.7670107550127008
Cohen Kappa: 0.4988562772790379
