Test Results: 

Accuracy: 0.9421585648148149
Precision: 0.9200681652195082
Recall: 0.9987227482933274
F1: 0.9577833625477814
Cohen Kappa: 0.8664436779071586
