Test Results: 

Accuracy: 0.9259837962962963
Precision: 0.905715091223972
Recall: 0.9904426337811055
F1: 0.9461858879959609
Cohen Kappa: 0.8284374735282636
