Test Results: 

Accuracy: 0.9441840277777778
Precision: 0.922036239538474
Recall: 0.9995595683770094
F1: 0.959234134280099
Cohen Kappa: 0.871206934623642
