Test Results: 

Accuracy: 0.8067708333333333
Precision: 0.9065129585997981
Recall: 0.6593023255813953
F1: 0.7633928571428572
Cohen Kappa: 0.6068635245321916
