Test Results: 

Accuracy: 0.8530671296296296
Precision: 0.9219241720365653
Recall: 0.7529987760097919
F1: 0.8289429360641379
Cohen Kappa: 0.7024492740668682
