Test Results: 

Accuracy: 0.8886574074074074
Precision: 0.853921124206709
Recall: 0.9222766217870257
F1: 0.886783570672002
Cohen Kappa: 0.7775724924293594
