Test Results: 

Accuracy: 0.7394965277777777
Precision: 0.7980331014631806
Recall: 0.7025286385472206
F1: 0.7472416406973806
Cohen Kappa: 0.4807397894863832
