Test Results: 

Accuracy: 0.9445023148148148
Precision: 0.9231019743537553
Recall: 0.9987227482933274
F1: 0.9594245821874339
Cohen Kappa: 0.8720727628465291
