Test Results: 

Accuracy: 0.9356481481481481
Precision: 0.9193317226976783
Recall: 0.9888130367760405
F1: 0.9528073674829183
Cohen Kappa: 0.8521090374289313
