Test Results: 

Accuracy: 0.9124131944444445
Precision: 0.8906225186596792
Recall: 0.9880202598546576
F1: 0.9367966091078029
Cohen Kappa: 0.7954357786055788
