Test Results: 

Accuracy: 0.8647569444444444
Precision: 0.8073493301167449
Recall: 0.9893364303436626
F1: 0.8891261030458297
Cohen Kappa: 0.7202708045123991
