Test Results: 

Accuracy: 0.7831886574074074
Precision: 0.9399303828940826
Recall: 0.5783965728274174
F1: 0.716120477363137
Cohen Kappa: 0.5562852009325345
