Test Results: 

Accuracy: 0.9361979166666666
Precision: 0.9233088296027092
Recall: 0.9846729795199295
F1: 0.9530041134721542
Cohen Kappa: 0.8540034167179315
