Test Results: 

Accuracy: 0.8638020833333333
Precision: 0.8224045230308741
Recall: 0.9080171358629131
F1: 0.8630929874058345
Cohen Kappa: 0.7282551746538599
