Test Results: 

Accuracy: 0.7246238425925926
Precision: 0.8602660143708913
Recall: 0.5940980837248588
F1: 0.7028259172521468
Cohen Kappa: 0.4618301739532584
