Test Results: 

Accuracy: 0.8336516203703703
Precision: 0.9002948068637086
Recall: 0.7288861689106487
F1: 0.8055734045791201
Cohen Kappa: 0.6630056481475011
