Test Results: 

Accuracy: 0.6585358796296297
Precision: 0.8990046838407494
Recall: 0.5410262056815679
F1: 0.6755203607467898
Cohen Kappa: 0.3591717806063318
