Test Results: 

Accuracy: 0.863917824074074
Precision: 0.807002414625733
Recall: 0.9880166816238188
F1: 0.888382579803014
Cohen Kappa: 0.7185692546368844
