Test Results: 

Accuracy: 0.923119212962963
Precision: 0.8952369686933207
Recall: 1.0
F1: 0.9447229908253063
Cohen Kappa: 0.8197749943033179
