Test Results: 

Accuracy: 0.9296585648148148
Precision: 0.9230801335559266
Recall: 0.9741026205681568
F1: 0.9479052823315118
Cohen Kappa: 0.8398849822038014
