Test Results: 

Accuracy: 0.8397858796296296
Precision: 0.9180383753774228
Recall: 0.8302576524994495
F1: 0.8719443095353732
Cohen Kappa: 0.659437944269964
