Test Results: 

Accuracy: 0.9451388888888889
Precision: 0.9136795903438186
Recall: 0.9781914573167059
F1: 0.9448356124527204
Cohen Kappa: 0.890400507477315
