Test Results: 

Accuracy: 0.9294113390498933
Precision: 0.8975606365974008
Recall: 0.9643817204301075
F1: 0.929772146431014
Cohen Kappa: 0.8590024231071709
