Test Results: 

Accuracy: 0.8566840277777777
Precision: 0.8046868194093563
Recall: 0.9752415140157314
F1: 0.8817927973079401
Cohen Kappa: 0.7040079619890567
