Test Results: 

Accuracy: 0.9171585648148148
Precision: 0.9050309551000781
Recall: 0.9214810281517748
F1: 0.9131819146677989
Cohen Kappa: 0.8339810757250867
