Test Results: 

Accuracy: 0.7754340277777778
Precision: 0.7467561126313002
Recall: 0.8932059335902445
F1: 0.8134419845676787
Cohen Kappa: 0.5370002966220624
