Test Results: 

Accuracy: 0.7294560185185185
Precision: 0.7978267618751941
Recall: 0.6782980520508896
F1: 0.7332230084455603
Cohen Kappa: 0.4624298905590265
