Test Results: 

Accuracy: 0.9486111111111111
Precision: 0.9231999086392966
Recall: 0.9740345803964094
F1: 0.9479362101313321
Cohen Kappa: 0.89727680857283
