Test Results: 

Accuracy: 0.8291087962962963
Precision: 0.7850365123092395
Recall: 0.9477379506941879
F1: 0.8587486845881566
Cohen Kappa: 0.6472371009539093
