Test Results: 

Accuracy: 0.8068576388888888
Precision: 0.7470476969480088
Recall: 0.8943084455324357
F1: 0.8140720314197376
Cohen Kappa: 0.6164692896455553
