Test Results: 

Accuracy: 0.8560474537037037
Precision: 0.9192282228317412
Recall: 0.8561109887689936
F1: 0.8865476271920822
Cohen Kappa: 0.6903452800689851
