Test Results: 

Accuracy: 0.86328125
Precision: 0.807084233261339
Recall: 0.9863274032624189
F1: 0.8877485567671582
Cohen Kappa: 0.7173211330323488
