Test Results: 

Accuracy: 0.786255787037037
Precision: 0.9156626506024096
Recall: 0.7430962343096235
F1: 0.8204031022829495
Cohen Kappa: 0.563421675151305
