Test Results: 

Accuracy: 0.6604166666666667
Precision: 0.9052063420667941
Recall: 0.42495908778968483
F1: 0.5783876993820951
Cohen Kappa: 0.351141616503461
