Test Results: 

Accuracy: 0.7854456018518519
Precision: 0.9159865056045271
Recall: 0.7414225941422594
F1: 0.8195117201762286
Cohen Kappa: 0.5621568009349315
