Test Results: 

Accuracy: 0.9373842592592593
Precision: 0.9081142210913203
Recall: 0.9675281643472499
F1: 0.9368801773422004
Cohen Kappa: 0.8748840837569104
