Test Results: 

Accuracy: 0.8493923611111112
Precision: 0.8029193861351208
Recall: 0.9611465976878002
F1: 0.8749369278454552
Cohen Kappa: 0.6894520640100319
