Test Results: 

Accuracy: 0.9424189814814815
Precision: 0.9268493715227695
Recall: 0.9905307201057036
F1: 0.9576325314030233
Cohen Kappa: 0.8680990787376257
