Test Results: 

Accuracy: 0.949855324074074
Precision: 0.9098478164975738
Recall: 0.9940960298813182
F1: 0.9501079602706204
Cohen Kappa: 0.899906055637107
