Test Results: 

Accuracy: 0.7208912037037037
Precision: 0.7866436455571314
Recall: 0.6734413767618646
F1: 0.7256541524459613
Cohen Kappa: 0.4450677299812683
