Test Results: 

Accuracy: 0.9310763888888889
Precision: 0.9082399260776988
Recall: 0.9956837700946928
F1: 0.9499537776283722
Cohen Kappa: 0.8400327855186411
