Test Results: 

Accuracy: 0.7734664351851852
Precision: 0.9481832543443918
Recall: 0.5509791921664626
F1: 0.696961486355719
Cohen Kappa: 0.5355503715490739
