Test Results: 

Accuracy: 0.9384837962962963
Precision: 0.9238722966014418
Recall: 0.9877560008808632
F1: 0.9547467007237123
Cohen Kappa: 0.859055415292181
