Test Results: 

Accuracy: 0.9419849537037037
Precision: 0.9219667318982387
Recall: 0.9959920722307861
F1: 0.9575508648614316
Cohen Kappa: 0.866373544998033
