Test Results: 

Accuracy: 0.9372395833333333
Precision: 0.8905488795063332
Recall: 0.9911440448219773
F1: 0.9381575570952015
Cohen Kappa: 0.8748200444956836
