Test Results: 

Accuracy: 0.944068287037037
Precision: 0.9048696996466431
Recall: 0.9873486354599674
F1: 0.9443116015096079
Cohen Kappa: 0.888348433495855
