Test Results: 

Accuracy: 0.9359664351851852
Precision: 0.8832179009057006
Recall: 0.9987348635459967
F1: 0.9374310837173797
Cohen Kappa: 0.8723665911926611
