Test Results: 

Accuracy: 0.8188946759259259
Precision: 0.9093640867375944
Recall: 0.685250917992656
F1: 0.7815586500540955
Cohen Kappa: 0.6320357451799143
