Test Results: 

Accuracy: 0.575
Precision: 0.5305632856731599
Recall: 0.9992770648834267
F1: 0.6931177134261
Cohen Kappa: 0.17626910921239491
