Test Results: 

Accuracy: 0.9377314814814814
Precision: 0.9202208137395216
Recall: 0.9911473243778903
F1: 0.9543681085665818
Cohen Kappa: 0.8567952262456747
