Test Results: 

Accuracy: 0.8644097222222222
Precision: 0.8073556676583452
Recall: 0.9884917911629626
F1: 0.88878868426049
Cohen Kappa: 0.7195849313927261
