Test Results: 

Accuracy: 0.9512731481481481
Precision: 0.9112667512270446
Recall: 0.995481655521417
F1: 0.9515144535298861
Cohen Kappa: 0.9027355145197165
