Test Results: 

Accuracy: 0.9458333333333333
Precision: 0.9260545044263149
Recall: 0.9642147117296223
F1: 0.9447494244731716
Cohen Kappa: 0.8916674078745422
