Test Results: 

Accuracy: 0.9265335648148149
Precision: 0.9250843170320405
Recall: 0.9664391103281216
F1: 0.9453096392030156
Cohen Kappa: 0.8335974852595033
