Test Results: 

Accuracy: 0.9551215277777778
Precision: 0.9207112502795796
Recall: 0.9919874691246461
F1: 0.955021314850796
Cohen Kappa: 0.9103665270765575
