Test Results: 

Accuracy: 0.8413773148148148
Precision: 0.7937159066113899
Recall: 0.960143588660719
F1: 0.8690333986334751
Cohen Kappa: 0.6724758386044309
