Test Results: 

Accuracy: 0.8510416666666667
Precision: 0.7986060002597515
Recall: 0.9738161853983002
F1: 0.8775510204081632
Cohen Kappa: 0.6921050532209966
