Test Results: 

Accuracy: 0.7389467592592592
Precision: 0.79773122861773
Recall: 0.7016312094177268
F1: 0.7466015054488261
Cohen Kappa: 0.47968726012426677
