Test Results: 

Accuracy: 0.8585648148148148
Precision: 0.8369424502765682
Recall: 0.8704406364749082
F1: 0.8533629327413453
Cohen Kappa: 0.7168747206947914
