Test Results: 

Accuracy: 0.8636284722222223
Precision: 0.7910952194357367
Recall: 0.9730104223145972
F1: 0.872673240578144
Cohen Kappa: 0.7291937869775263
