Test Results: 

Accuracy: 0.8643229166666667
Precision: 0.8071982758620689
Recall: 0.9885973710605501
F1: 0.8887359703865411
Cohen Kappa: 0.7193940962227151
