Test Results: 

Accuracy: 0.9411168981481481
Precision: 0.9212178024127812
Recall: 0.9955075974454966
F1: 0.9569230117906057
Cohen Kappa: 0.8643514407413208
