Test Results: 

Accuracy: 0.9301215277777778
Precision: 0.9254739137728569
Recall: 0.9719004624532042
F1: 0.9481191862338612
Cohen Kappa: 0.8413194179065488
