Test Results: 

Accuracy: 0.9201606193249647
Precision: 0.91006376896577
Recall: 0.9268438339802926
F1: 0.9183771589185991
Cohen Kappa: 0.8402577278933936
