Test Results: 

Accuracy: 0.9285590277777778
Precision: 0.8710609243697479
Recall: 0.9991565756973312
F1: 0.930721961895676
Cohen Kappa: 0.8576892841074839
