Test Results: 

Accuracy: 0.7431712962962963
Precision: 0.8238435308499003
Recall: 0.6759752943039645
F1: 0.7426201937017921
Cohen Kappa: 0.4912640869119176
