Test Results: 

Accuracy: 0.8793113425925926
Precision: 0.8414996913060561
Recall: 0.9175642594859241
F1: 0.8778874022894284
Cohen Kappa: 0.7590300444147735
