Test Results: 

Accuracy: 0.9457175925925926
Precision: 0.9148492533107918
Recall: 0.9780107235375625
F1: 0.9453761938038667
Cohen Kappa: 0.8915501967088879
