Test Results: 

Accuracy: 0.9009548611111111
Precision: 0.9056082396533317
Recall: 0.8824969400244798
F1: 0.8939032328053808
Cohen Kappa: 0.801059871556445
