Test Results: 

Accuracy: 0.7908564814814815
Precision: 0.9400231794475565
Recall: 0.5956548347613219
F1: 0.7292275417696861
Cohen Kappa: 0.572389632219007
