Test Results: 

Accuracy: 0.9446180555555556
Precision: 0.9251216619637672
Recall: 0.9963444175291786
F1: 0.959413037024471
Cohen Kappa: 0.8726382504949508
