Test Results: 

Accuracy: 0.8713831018518519
Precision: 0.889412689059124
Recall: 0.8313341493268054
F1: 0.8593932875715687
Cohen Kappa: 0.7411306364539167
