Test Results: 

Accuracy: 0.8440972222222223
Precision: 0.8958363452363741
Recall: 0.7584455324357405
F1: 0.8214356730960429
Cohen Kappa: 0.684774834814671
