Test Results: 

Accuracy: 0.9439525462962963
Precision: 0.9228701742954879
Recall: 0.9981061440211407
F1: 0.9590148325257613
Cohen Kappa: 0.8708298392172769
