Test Results: 

Accuracy: 0.8479166666666667
Precision: 0.8021813043670243
Recall: 0.9590349997360502
F1: 0.8736234671796105
Cohen Kappa: 0.6864614402086014
