Test Results: 

Accuracy: 0.7578125
Precision: 0.7697882112783874
Recall: 0.79628358760492
F1: 0.7828117702008407
Cohen Kappa: 0.5092983577137469
