Test Results: 

Accuracy: 0.8661747685185185
Precision: 0.9203869047619048
Recall: 0.8717022682228585
F1: 0.8953832929946391
Cohen Kappa: 0.7101020301563534
