Test Results: 

Accuracy: 0.9294560185185186
Precision: 0.9031950025862412
Recall: 0.9997797841885048
F1: 0.9490363309502906
Cohen Kappa: 0.8354323482751431
