Test Results: 

Accuracy: 0.951880787037037
Precision: 0.9160445682451254
Recall: 0.9906018434845473
F1: 0.9518654664389707
Cohen Kappa: 0.9039084057774454
