Test Results: 

Accuracy: 0.9444444444444444
Precision: 0.9243742088284536
Recall: 0.9970050649636644
F1: 0.959316862313006
Cohen Kappa: 0.8721428404204677
