Test Results: 

Accuracy: 0.9442997685185185
Precision: 0.9223577235772358
Recall: 0.9993393525655142
F1: 0.9593066272064265
Cohen Kappa: 0.871511707406386
