Test Results: 

Accuracy: 0.6586516203703704
Precision: 0.8425576836072991
Recall: 0.341921664626683
F1: 0.48643942362108744
Cohen Kappa: 0.293623020250922
