Test Results: 

Accuracy: 0.7214988425925926
Precision: 0.8661008958038661
Recall: 0.5818508156047089
F1: 0.696075026050712
Cohen Kappa: 0.4567754011440286
