Test Results: 

Accuracy: 0.8644675925925925
Precision: 0.8040687507996759
Recall: 0.9952489046085625
F1: 0.8895022410945977
Cohen Kappa: 0.7192940001781699
