Test Results: 

Accuracy: 0.7434027777777777
Precision: 0.7921475381314157
Recall: 0.7210579105738267
F1: 0.7549328469573868
Cohen Kappa: 0.4869112857325344
