Test Results: 

Accuracy: 0.7370949074074075
Precision: 0.8393582593128142
Recall: 0.6435094757958085
F1: 0.7285005677403934
Cohen Kappa: 0.48214138225711123
