Test Results: 

Accuracy: 0.8647858796296296
Precision: 0.901065658301822
Recall: 0.8020807833537331
F1: 0.8486967783713777
Cohen Kappa: 0.7272231802788592
