Test Results: 

Accuracy: 0.7203703703703703
Precision: 0.7665307060378009
Recall: 0.7043762867550019
F1: 0.73414030261348
Cohen Kappa: 0.44034489227535534
