Test Results: 

Accuracy: 0.7177951388888889
Precision: 0.7445970403491962
Recall: 0.7384258037269704
F1: 0.7414985819926316
Cohen Kappa: 0.43081627997754035
