Test Results: 

Accuracy: 0.8500868055555556
Precision: 0.801851201965257
Recall: 0.9649474740009503
F1: 0.8758714870983971
Cohen Kappa: 0.6906708484896338
