Test Results: 

Accuracy: 0.9421296296296297
Precision: 0.9200308353957886
Recall: 0.9987227482933274
F1: 0.9577631356648083
Cohen Kappa: 0.8663740634995786
