Test Results: 

Accuracy: 0.9518229166666666
Precision: 0.9178511471740347
Recall: 0.9881318151695885
F1: 0.9516957265949113
Cohen Kappa: 0.9037753119822433
