Test Results: 

Accuracy: 0.8607060185185185
Precision: 0.8053334485888404
Recall: 0.9836351158739376
F1: 0.8855988593155893
Cohen Kappa: 0.7120181549003511
