Test Results: 

Accuracy: 0.9425636574074074
Precision: 0.9247642476424764
Recall: 0.993393525655142
F1: 0.9578511519269562
Cohen Kappa: 0.8680873671987083
