Test Results: 

Accuracy: 0.8089409722222223
Precision: 0.930117501546073
Recall: 0.6443084455324357
F1: 0.7612711956325247
Cohen Kappa: 0.6105741851074213
