Test Results: 

Accuracy: 0.9530960648148148
Precision: 0.9175401427297056
Recall: 0.9914452677872161
F1: 0.9530621109019836
Cohen Kappa: 0.9063322668454972
