Test Results: 

Accuracy: 0.9416666666666667
Precision: 0.9254332224750569
Recall: 0.9555394903307428
F1: 0.940245420593989
Cohen Kappa: 0.883295804486704
