Test Results: 

Accuracy: 0.936863425925926
Precision: 0.9196074422408506
Recall: 0.9904866769434045
F1: 0.9537319762510603
Cohen Kappa: 0.8547988771691739
