Test Results: 

Accuracy: 0.952488425925926
Precision: 0.9140689884281048
Recall: 0.9945779866257003
F1: 0.9526255049047894
Cohen Kappa: 0.9051458053586895
