Test Results: 

Accuracy: 0.7650462962962963
Precision: 0.7777777777777778
Recall: 0.7042839657282741
F1: 0.7392086330935252
Cohen Kappa: 0.5263890812852237
