Test Results: 

Accuracy: 0.9200810185185185
Precision: 0.8855633802816901
Recall: 0.9542839657282741
F1: 0.9186402733592554
Cohen Kappa: 0.8403269086757232
