Test Results: 

Accuracy: 0.8547743055555556
Precision: 0.9534064212999217
Recall: 0.7334779203566479
F1: 0.8291055194252442
Cohen Kappa: 0.7065300511029293
