Test Results: 

Accuracy: 0.8591724537037037
Precision: 0.8008206531030946
Recall: 0.9890724805996938
F1: 0.8850468834880371
Cohen Kappa: 0.7084128166256773
