Test Results: 

Accuracy: 0.8661458333333333
Precision: 0.8076146276481457
Recall: 0.9921342976297313
F1: 0.8904155019661723
Cohen Kappa: 0.7230509870261326
