Test Results: 

Accuracy: 0.8418402777777778
Precision: 0.8987824556256417
Recall: 0.749938800489596
F1: 0.8176419563621805
Cohen Kappa: 0.6800077622759622
