Test Results: 

Accuracy: 0.9058159722222222
Precision: 0.922973208072373
Recall: 0.9346399471482052
F1: 0.9287699411339913
Cohen Kappa: 0.7898201417879995
