Test Results: 

Accuracy: 0.87421875
Precision: 0.915413924489089
Recall: 0.8086903304773562
F1: 0.858748984565394
Cohen Kappa: 0.7461641008623495
