Test Results: 

Accuracy: 0.9059317129629629
Precision: 0.9021198156682028
Recall: 0.898531211750306
F1: 0.9003219377587
Cohen Kappa: 0.8112663138405469
