Test Results: 

Accuracy: 0.9423900462962963
Precision: 0.9220456397718011
Recall: 0.9965646333406739
F1: 0.9578579743888241
Cohen Kappa: 0.8672732722792731
