Test Results: 

Accuracy: 0.8453993055555555
Precision: 0.8012848914488259
Recall: 0.9547062239349627
F1: 0.8712933298003035
Cohen Kappa: 0.6814124223739224
