Test Results: 

Accuracy: 0.9434895833333333
Precision: 0.9229577694439915
Recall: 0.9972252807751597
F1: 0.9586552914029257
Cohen Kappa: 0.8698282741827296
