Test Results: 

Accuracy: 0.9440972222222223
Precision: 0.923161540028519
Recall: 0.9979740145342436
F1: 0.9591111111111111
Cohen Kappa: 0.8711929310163723
