Test Results: 

Accuracy: 0.8331886574074074
Precision: 0.9274799902983265
Recall: 0.7020807833537331
F1: 0.7991918910446201
Cohen Kappa: 0.6611385062068074
