Test Results: 

Accuracy: 0.9396412037037037
Precision: 0.9159572321968933
Recall: 0.9998678705131029
F1: 0.9560749631501368
Cohen Kappa: 0.8602235445017818
