Test Results: 

Accuracy: 0.8102430555555555
Precision: 0.8984196806777452
Recall: 0.674969400244798
F1: 0.7708275090858261
Cohen Kappa: 0.6144120219409241
