Test Results: 

Accuracy: 0.8653935185185185
Precision: 0.8077966831789791
Recall: 0.9899699097291875
F1: 0.8896532093552825
Cohen Kappa: 0.7215842516686828
