Test Results: 

Accuracy: 0.9303530092592592
Precision: 0.9153298412178753
Recall: 0.9851134111429201
F1: 0.9489404128041408
Cohen Kappa: 0.8398898132283408
