Test Results: 

Accuracy: 0.9532986111111111
Precision: 0.9168289290681502
Recall: 0.9928308934273149
F1: 0.9533175218372186
Cohen Kappa: 0.9067450365037053
