Test Results: 

Accuracy: 0.7716724537037037
Precision: 0.798154742635157
Recall: 0.7809217125059389
F1: 0.7894441924380285
Cohen Kappa: 0.540133211967996
