Test Results: 

Accuracy: 0.9483217592592592
Precision: 0.9241252934776384
Recall: 0.9722272426049762
F1: 0.9475662028066467
Cohen Kappa: 0.8966866373737788
