Test Results: 

Accuracy: 0.7596932870370371
Precision: 0.8312367667206377
Recall: 0.7046402364989706
F1: 0.7627210651124253
Cohen Kappa: 0.5226353981161451
