Test Results: 

Accuracy: 0.9149182462740558
Precision: 0.8705132505870513
Recall: 0.9685004105396731
F1: 0.9168963324146703
Cohen Kappa: 0.830245467761473
