Test Results: 

Accuracy: 0.918020332115336
Precision: 0.8853719351710764
Recall: 0.9543825593549351
F1: 0.9185829261281978
Cohen Kappa: 0.8362664238345392
