Test Results: 

Accuracy: 0.8733506944444445
Precision: 0.8310365819912557
Recall: 0.9189718482252142
F1: 0.8727949083088727
Cohen Kappa: 0.7473289742776159
