Test Results: 

Accuracy: 0.7483796296296297
Precision: 0.725522392865192
Recall: 0.9924686192468619
F1: 0.8382560821367457
Cohen Kappa: 0.3287081719649766
