Test Results: 

Accuracy: 0.9444155092592592
Precision: 0.9237481650627957
Recall: 0.9977537987227483
F1: 0.9593258379385547
Cohen Kappa: 0.8719825746038272
