Test Results: 

Accuracy: 0.9469907407407407
Precision: 0.9045531751684839
Recall: 0.9945779866257003
F1: 0.9474318507890961
Cohen Kappa: 0.8942157424356549
