Test Results: 

Accuracy: 0.9116319444444444
Precision: 0.8843340504596128
Recall: 0.9957278132569919
F1: 0.9367308887507769
Cohen Kappa: 0.7919469872682987
