Test Results: 

Accuracy: 0.9250578703703703
Precision: 0.9006877258421727
Recall: 0.9457772337821297
F1: 0.9226819511612634
Cohen Kappa: 0.8500581539254469
