Test Results: 

Accuracy: 0.8647569444444444
Precision: 0.8070583171938885
Recall: 0.9899171197803938
F1: 0.8891839347527147
Cohen Kappa: 0.7202353547678055
