Test Results: 

Accuracy: 0.8681423611111111
Precision: 0.787014968061779
Recall: 0.9946382312187482
F1: 0.8787290097666125
Cohen Kappa: 0.7384902595484413
