Test Results: 

Accuracy: 0.7845486111111111
Precision: 0.800606599382942
Recall: 0.8082141160323074
F1: 0.8043923711448536
Cohen Kappa: 0.5646284298790353
