Test Results: 

Accuracy: 0.9542824074074074
Precision: 0.9213848830031984
Recall: 0.9892162178444485
F1: 0.9540964555490993
Cohen Kappa: 0.9086774916739006
