Test Results: 

Accuracy: 0.6188657407407407
Precision: 0.8179446005620233
Recall: 0.24938800489596083
F1: 0.38223431197823843
Cohen Kappa: 0.20703203767804068
