Test Results: 

Accuracy: 0.9226735144128179
Precision: 0.8787491593813046
Recall: 0.9750037307864498
F1: 0.9243774759479344
Cohen Kappa: 0.845703650337168
