Test Results: 

Accuracy: 0.8640914351851852
Precision: 0.8069729357007412
Recall: 0.9884917911629626
F1: 0.8885567181531306
Cohen Kappa: 0.7189088731958466
