Test Results: 

Accuracy: 0.9419849537037037
Precision: 0.9216572965045221
Recall: 0.9963884606914777
F1: 0.9575670356182938
Cohen Kappa: 0.8663231992703151
