Test Results: 

Accuracy: 0.7309606481481481
Precision: 0.9844724618447246
Recall: 0.44689439122838726
F1: 0.614734399602221
Cohen Kappa: 0.4496906798385153
