Test Results: 

Accuracy: 0.9454571759259259
Precision: 0.924378312270689
Recall: 0.9986787051310284
F1: 0.9600931512649519
Cohen Kappa: 0.8743658809070104
