Test Results: 

Accuracy: 0.93359375
Precision: 0.9088541666666666
Recall: 0.999119136754019
F1: 0.951851463337879
Cohen Kappa: 0.845650874308773
