Test Results: 

Accuracy: 0.7857638888888889
Precision: 0.9442235036786637
Recall: 0.5812117503059976
F1: 0.7195242063792712
Cohen Kappa: 0.5615597725805705
