Test Results: 

Accuracy: 0.940625
Precision: 0.9247665665748015
Recall: 0.9901783748073112
F1: 0.9563552833078101
Cohen Kappa: 0.8638592871385091
