Test Results: 

Accuracy: 0.9354021990740741
Precision: 0.9019865716065619
Recall: 0.972390120140288
F1: 0.9358661304222925
Cohen Kappa: 0.8709823121867644
