Test Results: 

Accuracy: 0.8537037037037037
Precision: 0.8004153506684549
Recall: 0.9766140526843688
F1: 0.879779341829941
Cohen Kappa: 0.6975830798151851
