Test Results: 

Accuracy: 0.9502893518518518
Precision: 0.9239842726081258
Recall: 0.9768660762696548
F1: 0.9496895865057983
Cohen Kappa: 0.9006396608995877
