Test Results: 

Accuracy: 0.94609375
Precision: 0.9120344480483168
Recall: 0.9825290680161456
F1: 0.9459702444824686
Cohen Kappa: 0.8923353187025586
