Test Results: 

Accuracy: 0.9064236111111111
Precision: 0.9126435807230958
Recall: 0.9483373706232108
F1: 0.9301481705473238
Cohen Kappa: 0.788600564686167
