Test Results: 

Accuracy: 0.8293113425925925
Precision: 0.7560543696755049
Recall: 0.9516838363756853
F1: 0.8426639639399354
Cohen Kappa: 0.6614134133350515
