Test Results: 

Accuracy: 0.9195891203703703
Precision: 0.9015395776237305
Recall: 0.9852014974675182
F1: 0.9415156680766884
Cohen Kappa: 0.8136819156559799
