Test Results: 

Accuracy: 0.7600983796296297
Precision: 0.8267484662576687
Recall: 0.7113973499445706
F1: 0.7647476094543598
Cohen Kappa: 0.5228012937095103
