Test Results: 

Accuracy: 0.7005497685185185
Precision: 0.9532455742169769
Recall: 0.38555691554467564
F1: 0.5490435313085538
Cohen Kappa: 0.3802814910028379
