Test Results: 

Accuracy: 0.9221253662241835
Precision: 0.8986884083658278
Recall: 0.9459701492537314
F1: 0.921723323032176
Cohen Kappa: 0.8443478395368864
