Test Results: 

Accuracy: 0.942042824074074
Precision: 0.9137657330763125
Recall: 0.970962106150973
F1: 0.9414960422934252
Cohen Kappa: 0.8841802120596102
