Test Results: 

Accuracy: 0.9232928240740741
Precision: 0.8844576756726394
Recall: 0.9636474908200734
F1: 0.922355973405969
Cohen Kappa: 0.8468378182595326
