Test Results: 

Accuracy: 0.9516782407407407
Precision: 0.912654099176295
Recall: 0.9945779866257003
F1: 0.951856549815498
Cohen Kappa: 0.903534465223554
