Test Results: 

Accuracy: 0.9401041666666666
Precision: 0.9168518443699244
Recall: 0.9994714820524113
F1: 0.9563806473364801
Cohen Kappa: 0.8613947920167235
