Test Results: 

Accuracy: 0.8064814814814815
Precision: 0.9093993892093655
Recall: 0.6560587515299877
F1: 0.7622298065984072
Cohen Kappa: 0.6061537387788107
