Test Results: 

Accuracy: 0.8442418981481481
Precision: 0.8012797724848916
Recall: 0.9519083566488941
F1: 0.8701232899847999
Cohen Kappa: 0.6791488562513044
