Test Results: 

Accuracy: 0.862818287037037
Precision: 0.8056033740747116
Recall: 0.9881750514702001
F1: 0.8875980938381658
Cohen Kappa: 0.7162234010530723
