Test Results: 

Accuracy: 0.9496238425925926
Precision: 0.9107597036381732
Recall: 0.9923489366829327
F1: 0.9498053913795588
Cohen Kappa: 0.8994325490888793
