Test Results: 

Accuracy: 0.9205729166666666
Precision: 0.9236712514858211
Recall: 0.9582911253027967
F1: 0.9406627612892069
Cohen Kappa: 0.8207015582244791
