Test Results: 

Accuracy: 0.8433738425925926
Precision: 0.7924520145253329
Recall: 0.9676925513382252
F1: 0.8713487819370171
Cohen Kappa: 0.6761942550324731
