Test Results: 

Accuracy: 0.9122974537037037
Precision: 0.8558539655895929
Recall: 0.9829507801674799
F1: 0.9150099542943667
Cohen Kappa: 0.8253056842334121
