Test Results: 

Accuracy: 0.8563078703703704
Precision: 0.804470003921056
Recall: 0.9747664044765877
F1: 0.8814683979377506
Cohen Kappa: 0.7032396136754149
