Test Results: 

Accuracy: 0.7663194444444444
Precision: 0.9207739307535642
Recall: 0.5533659730722155
F1: 0.6912844036697248
Cohen Kappa: 0.5213992441338061
