Test Results: 

Accuracy: 0.8275462962962963
Precision: 0.9287130348587477
Recall: 0.6880660954712362
F1: 0.7904802081136187
Cohen Kappa: 0.6493817349007697
