Test Results: 

Accuracy: 0.9296513310185185
Precision: 0.9029262802476083
Recall: 0.9578389672412506
F1: 0.9295723648477388
Cohen Kappa: 0.8594246362992662
