Test Results: 

Accuracy: 0.9148489781153916
Precision: 0.8737647218085827
Recall: 0.9635020152261532
F1: 0.9164418571631406
Cohen Kappa: 0.8300572221350176
