Test Results: 

Accuracy: 0.8419849537037037
Precision: 0.8008032128514057
Recall: 0.9473684210526315
F1: 0.8679418663700336
Cohen Kappa: 0.6746751209831681
