Test Results: 

Accuracy: 0.7444155092592593
Precision: 0.7782977317771416
Recall: 0.746291506097239
F1: 0.7619586600910879
Cohen Kappa: 0.4863019244871142
