Test Results: 

Accuracy: 0.7767650462962963
Precision: 0.7918182763281006
Recall: 0.8041492899751888
F1: 0.797936146250753
Cohen Kappa: 0.548607753189498
