Test Results: 

Accuracy: 0.944675925925926
Precision: 0.9234999388977148
Recall: 0.9985025324818322
F1: 0.959537816904389
Cohen Kappa: 0.8725156640633931
