Test Results: 

Accuracy: 0.9355324074074074
Precision: 0.8964413793103448
Recall: 0.9788541478402314
F1: 0.9358368851514803
Cohen Kappa: 0.8713128147950233
