Test Results: 

Accuracy: 0.920630787037037
Precision: 0.9259196039941965
Recall: 0.9556485355648535
F1: 0.940549209995882
Cohen Kappa: 0.8212793153577154
