Test Results: 

Accuracy: 0.7432002314814815
Precision: 0.7700933576564009
Recall: 0.757694135036689
F1: 0.7638434315212473
Cohen Kappa: 0.4824864135979786
