Test Results: 

Accuracy: 0.9430555555555555
Precision: 0.9213980898191424
Recall: 0.9985025324818322
F1: 0.9584020291693088
Cohen Kappa: 0.8686278147545041
