Test Results: 

Accuracy: 0.8688657407407407
Precision: 0.8921360255047821
Recall: 0.8220318237454101
F1: 0.8556504013250096
Cohen Kappa: 0.7358823294520644
