Test Results: 

Accuracy: 0.9465856481481482
Precision: 0.9248788039271602
Recall: 0.9999119136754019
F1: 0.9609328705663253
Cohen Kappa: 0.8769214267159525
