Test Results: 

Accuracy: 0.9482349537037037
Precision: 0.9150784753363229
Recall: 0.9834929815049099
F1: 0.948053079357705
Cohen Kappa: 0.8966019639590319
