Test Results: 

Accuracy: 0.8596643518518519
Precision: 0.8053473155089483
Recall: 0.9811011983318376
F1: 0.884578772013327
Cohen Kappa: 0.7099647589255613
