Test Results: 

Accuracy: 0.8462962962962963
Precision: 0.7975811029122822
Recall: 0.9643139946154252
F1: 0.8730583568321942
Cohen Kappa: 0.682654448925273
