Test Results: 

Accuracy: 0.817650462962963
Precision: 0.9325232678386763
Recall: 0.6622399020807833
F1: 0.7744775264815345
Cohen Kappa: 0.6286658226459966
