Test Results: 

Accuracy: 0.9427083333333334
Precision: 0.9238067972680054
Recall: 0.9948469500110108
F1: 0.9580117058274662
Cohen Kappa: 0.8682519706475722
