Test Results: 

Accuracy: 0.7761284722222223
Precision: 0.9857487393115545
Recall: 0.5417193806855835
F1: 0.6991952101395746
Cohen Kappa: 0.5437684901743466
