Test Results: 

Accuracy: 0.8485821759259259
Precision: 0.9180907927426033
Recall: 0.746328029375765
F1: 0.8233467238294568
Cohen Kappa: 0.693305298356858
