Test Results: 

Accuracy: 0.902806712962963
Precision: 0.9118076264196434
Recall: 0.8794981640146878
F1: 0.8953615152175944
Cohen Kappa: 0.8046794275098736
