Test Results: 

Accuracy: 0.7263020833333333
Precision: 0.8518848322944494
Recall: 0.6060286121522462
F1: 0.7082266572071932
Cohen Kappa: 0.4639606009687933
