Test Results: 

Accuracy: 0.829369212962963
Precision: 0.925654194179506
Recall: 0.694920440636475
F1: 0.793861642255392
Cohen Kappa: 0.6532665809600166
