Test Results: 

Accuracy: 0.7109664351851852
Precision: 0.695775341790861
Recall: 0.9951992953094032
F1: 0.8189775466193073
Cohen Kappa: 0.2014718720059807
