Test Results: 

Accuracy: 0.7342013888888889
Precision: 0.8538991657598839
Recall: 0.6213904872512274
F1: 0.719322903935468
Cohen Kappa: 0.47855269224623054
