Test Results: 

Accuracy: 0.9372395833333333
Precision: 0.9210958005249343
Recall: 0.9892094252367319
F1: 0.9539382870734141
Cohen Kappa: 0.8558777386072094
