Test Results: 

Accuracy: 0.8299189814814815
Precision: 0.9256305939788446
Recall: 0.6962056303549572
F1: 0.7946908836884388
Cohen Kappa: 0.6544091718559357
