Test Results: 

Accuracy: 0.9405092592592592
Precision: 0.9255946246753782
Recall: 0.9889451662629377
F1: 0.9562217869006047
Cohen Kappa: 0.863741487721407
