Test Results: 

Accuracy: 0.9403645833333333
Precision: 0.9184368412518242
Recall: 0.9978418850473464
F1: 0.9564942055601291
Cohen Kappa: 0.8622377895585809
