Test Results: 

Accuracy: 0.8816840277777778
Precision: 0.8155584703864394
Recall: 0.9739140912103139
F1: 0.8877296065456742
Cohen Kappa: 0.7647320042504515
