Test Results: 

Accuracy: 0.9456597222222223
Precision: 0.9034255960537133
Recall: 0.9930116272064582
F1: 0.946102628860062
Cohen Kappa: 0.8915581068642784
