Test Results: 

Accuracy: 0.8221932870370371
Precision: 0.9326882268058738
Recall: 0.6724602203182375
F1: 0.781480032715764
Cohen Kappa: 0.6381220773628158
