Test Results: 

Accuracy: 0.7277777777777777
Precision: 0.8934256464879579
Recall: 0.6649636643911033
F1: 0.7624482375517624
Cohen Kappa: 0.45929834110401657
