Test Results: 

Accuracy: 0.8472800925925926
Precision: 0.8017755399496489
Recall: 0.9582959404529378
F1: 0.8730761831473645
Cohen Kappa: 0.6851599090933371
