Test Results: 

Accuracy: 0.7846643518518519
Precision: 0.9474954737477369
Recall: 0.576499388004896
F1: 0.7168404231032646
Cohen Kappa: 0.5591448055589038
