Test Results: 

Accuracy: 0.950462962962963
Precision: 0.9110841111172475
Recall: 0.993855051509127
F1: 0.9506713536564283
Cohen Kappa: 0.9011124379414394
