Test Results: 

Accuracy: 0.9547743055555555
Precision: 0.9212236665172568
Recall: 0.9905415988914995
F1: 0.9546259471071501
Cohen Kappa: 0.9096656313512339
