Test Results: 

Accuracy: 0.9364293981481482
Precision: 0.9164906580016247
Recall: 0.9937899141158335
F1: 0.9535763338615955
Cohen Kappa: 0.8532949942982213
