Test Results: 

Accuracy: 0.7264467592592593
Precision: 0.9574807334573479
Recall: 0.44100367197062423
F1: 0.6038716165256013
Cohen Kappa: 0.43556188647437766
