Test Results: 

Accuracy: 0.9322337962962963
Precision: 0.909438211284031
Recall: 0.9960361153930852
F1: 0.9507693601278062
Cohen Kappa: 0.842798597764499
