Test Results: 

Accuracy: 0.9188946759259259
Precision: 0.9029723819551309
Recall: 0.9820744329442854
F1: 0.9408637313023481
Cohen Kappa: 0.8125384394032839
