Test Results: 

Accuracy: 0.7866608796296296
Precision: 0.9432525951557094
Recall: 0.5839045287637699
F1: 0.7213003213003213
Cohen Kappa: 0.5634756408222616
