Test Results: 

Accuracy: 0.9381944444444444
Precision: 0.9176107524261989
Recall: 0.9952873816340013
F1: 0.9548719682244571
Cohen Kappa: 0.8573473446460006
