Test Results: 

Accuracy: 0.8603298611111111
Precision: 0.8055411255411256
Recall: 0.9823153671540938
F1: 0.8851889731941108
Cohen Kappa: 0.7113019691904747
