Test Results: 

Accuracy: 0.8256655092592593
Precision: 0.7930048992923244
Recall: 0.922821094863538
F1: 0.8530021714202065
Cohen Kappa: 0.6418278520458396
