Test Results: 

Accuracy: 0.9435185185185185
Precision: 0.9235133259866944
Recall: 0.9965646333406739
F1: 0.9586493242384444
Cohen Kappa: 0.8699792685327782
