Test Results: 

Accuracy: 0.8675636574074074
Precision: 0.9082957306490802
Recall: 0.800734394124847
F1: 0.8511302650837534
Cohen Kappa: 0.7327081585111521
