Test Results: 

Accuracy: 0.9303819444444444
Precision: 0.9087101840293158
Recall: 0.9938780004404316
F1: 0.949387858134545
Cohen Kappa: 0.8386183707126731
