Test Results: 

Accuracy: 0.7133391203703704
Precision: 0.7914462649980648
Recall: 0.6476798817505147
F1: 0.7123820583538976
Cohen Kappa: 0.4322997844102937
