Test Results: 

Accuracy: 0.9412037037037037
Precision: 0.9211587825449211
Recall: 0.9957278132569919
F1: 0.9569928885878767
Cohen Kappa: 0.8645315694214768
