Test Results: 

Accuracy: 0.94921875
Precision: 0.9224726775956285
Recall: 0.9763238749322248
F1: 0.948634647466854
Cohen Kappa: 0.8985041653774865
