Test Results: 

Accuracy: 0.7500289351851852
Precision: 0.9015644627155418
Recall: 0.695441532702048
F1: 0.7852010243914567
Cohen Kappa: 0.49792336064147136
