Test Results: 

Accuracy: 0.8191261574074075
Precision: 0.9327442738268852
Recall: 0.665422276621787
F1: 0.7767260777940493
Cohen Kappa: 0.6317334689610183
