Test Results: 

Accuracy: 0.7745659722222222
Precision: 0.8990261130136986
Recall: 0.7399691697863907
F1: 0.8117797695262484
Cohen Kappa: 0.5372955732746769
