Test Results: 

Accuracy: 0.7602430555555556
Precision: 0.7879492029181302
Recall: 0.769730243361664
F1: 0.7787331766716513
Cohen Kappa: 0.5171921750727864
