Test Results: 

Accuracy: 0.8488425925925925
Precision: 0.8021939292479845
Recall: 0.9612521775853877
F1: 0.8745497334421978
Cohen Kappa: 0.6882772923027796
