Test Results: 

Accuracy: 0.8680555555555556
Precision: 0.8414492753623188
Recall: 0.8883108935128519
F1: 0.8642453111044953
Cohen Kappa: 0.7360861867661274
