Test Results: 

Accuracy: 0.9249131944444444
Precision: 0.8976508740014237
Recall: 0.9996916978639067
F1: 0.9459273613802589
Cohen Kappa: 0.8242648849757912
