Test Results: 

Accuracy: 0.9442418981481482
Precision: 0.9214638630357348
Recall: 0.9662630278932466
F1: 0.9433318629613292
Cohen Kappa: 0.8885158326717818
