Test Results: 

Accuracy: 0.9449942129629629
Precision: 0.9237412416490142
Recall: 0.9987227482933274
F1: 0.9597697500687787
Cohen Kappa: 0.8732517522316476
