Test Results: 

Accuracy: 0.8477141203703704
Precision: 0.8025345496258262
Recall: 0.8991432068543451
F1: 0.848096516292897
Cohen Kappa: 0.6964097595510379
