Test Results: 

Accuracy: 0.9184027777777778
Precision: 0.9030046500536545
Recall: 0.9269889840881272
F1: 0.9148396448631998
Cohen Kappa: 0.8365451869558701
