Test Results: 

Accuracy: 0.7482060185185185
Precision: 0.9411968576709797
Recall: 0.4985924112607099
F1: 0.6518642982877261
Cohen Kappa: 0.48235874715103866
