Test Results: 

Accuracy: 0.9481481481481482
Precision: 0.9138576779026217
Recall: 0.9848786071450087
F1: 0.9480398979355138
Cohen Kappa: 0.896440132566888
