Test Results: 

Accuracy: 0.9449942129629629
Precision: 0.9252657399836468
Recall: 0.9967848491521691
F1: 0.9596946888582636
Cohen Kappa: 0.8734847980083722
