Test Results: 

Accuracy: 0.9454861111111111
Precision: 0.9123465784901642
Recall: 0.9807217302247123
F1: 0.9452993438244005
Cohen Kappa: 0.8911120353368128
