Test Results: 

Accuracy: 0.6895254629629629
Precision: 0.8831047672357496
Recall: 0.49970965528163436
F1: 0.638257703458971
Cohen Kappa: 0.40094086271250295
