Test Results: 

Accuracy: 0.8619791666666666
Precision: 0.8062578330956394
Recall: 0.9848492846961938
F1: 0.8866498740554156
Cohen Kappa: 0.7146470257177546
