Test Results: 

Accuracy: 0.9217592592592593
Precision: 0.8977829638273046
Recall: 0.9417380660954713
F1: 0.9192353643966548
Cohen Kappa: 0.8434495226939813
