Test Results: 

Accuracy: 0.8453703703703703
Precision: 0.8013562026326286
Recall: 0.9544950641397878
F1: 0.8712475304775212
Cohen Kappa: 0.6813655944789265
