Test Results: 

Accuracy: 0.8043981481481481
Precision: 0.9323885177829934
Recall: 0.6321297429620563
F1: 0.7534466408928441
Cohen Kappa: 0.6010062830525632
