Test Results: 

Accuracy: 0.8422453703703704
Precision: 0.7961020148369256
Recall: 0.957398511323444
F1: 0.8693317994439651
Cohen Kappa: 0.6745189743962794
