Test Results: 

Accuracy: 0.8797164351851852
Precision: 0.951058584686775
Recall: 0.7902283270076511
F1: 0.8632160837089928
Cohen Kappa: 0.7575038314368706
