Test Results: 

Accuracy: 0.9294270833333333
Precision: 0.924507750314202
Recall: 0.9719445056155032
F1: 0.947632850241546
Cohen Kappa: 0.8396564702024157
