Test Results: 

Accuracy: 0.7369791666666666
Precision: 0.8308374185749782
Recall: 0.6531172464762709
F1: 0.7313353431459478
Cohen Kappa: 0.48086551379440623
