Test Results: 

Accuracy: 0.9465856481481482
Precision: 0.9202415541502877
Recall: 0.9731309115006929
F1: 0.9459475286952448
Cohen Kappa: 0.8932377684768209
