Test Results: 

Accuracy: 0.8544560185185185
Precision: 0.8032343838542347
Recall: 0.9727603864224251
F1: 0.8799064081749594
Cohen Kappa: 0.6994358166031897
