Test Results: 

Accuracy: 0.942650462962963
Precision: 0.9204983563978735
Recall: 0.9989870072671218
F1: 0.9581379630803023
Cohen Kappa: 0.8675933608715289
