Test Results: 

Accuracy: 0.9266775185386146
Precision: 0.8932696963408729
Recall: 0.9638752052545156
F1: 0.9272302997666488
Cohen Kappa: 0.8535614759441972
