Test Results: 

Accuracy: 0.952025462962963
Precision: 0.9132599435747082
Recall: 0.9945779866257003
F1: 0.9521859499365556
Cohen Kappa: 0.9042250144135131
