Test Results: 

Accuracy: 0.86328125
Precision: 0.807163843760802
Recall: 0.9861690334160376
F1: 0.8877325539952954
Cohen Kappa: 0.7173308979734874
