Test Results: 

Accuracy: 0.7349537037037037
Precision: 0.8325062878118414
Recall: 0.6465185028770523
F1: 0.7278183871159446
Cohen Kappa: 0.47738481240144737
