Test Results: 

Accuracy: 0.6429108796296297
Precision: 0.9812274368231046
Recall: 0.24951040391676865
F1: 0.3978531349109539
Cohen Kappa: 0.2550415372829471
