Test Results: 

Accuracy: 0.7356481481481482
Precision: 0.797849723622669
Recall: 0.6933959774059019
F1: 0.7419646387617918
Cohen Kappa: 0.4736910869489055
