Test Results: 

Accuracy: 0.7359953703703703
Precision: 0.8233550681683461
Recall: 0.6599271498706646
F1: 0.7326378714176873
Cohen Kappa: 0.47808613827484203
