Test Results: 

Accuracy: 0.7331886574074075
Precision: 0.8346874139355549
Recall: 0.6399725492266273
F1: 0.7244748558281292
Cohen Kappa: 0.4744441440891003
