Test Results: 

Accuracy: 0.8605324074074074
Precision: 0.852035203520352
Recall: 0.8531823745410037
F1: 0.8526084031557704
Cohen Kappa: 0.7202563832835778
