Test Results: 

Accuracy: 0.9200520833333333
Precision: 0.8986903153814529
Recall: 0.9364749082007344
F1: 0.9171936344292265
Cohen Kappa: 0.8399767154226607
