Test Results: 

Accuracy: 0.8008680555555555
Precision: 0.7891910036925143
Recall: 0.8687641872987383
F1: 0.8270680470399036
Cohen Kappa: 0.5936500313724451
