Test Results: 

Accuracy: 0.9220196759259259
Precision: 0.9248768472906403
Recall: 0.9592160317110768
F1: 0.9417335091777831
Cohen Kappa: 0.8239963415717257
