Test Results: 

Accuracy: 0.6953125
Precision: 0.6682801936232348
Recall: 0.8818560945995882
F1: 0.7603550295857988
Cohen Kappa: 0.36325868621244073
