Test Results: 

Accuracy: 0.7267650462962963
Precision: 0.7727063956826271
Recall: 0.7104999208150768
F1: 0.7402986716536949
Cohen Kappa: 0.45310976875050113
