Test Results: 

Accuracy: 0.9284143518518518
Precision: 0.8984024824732789
Recall: 0.9567931456548348
F1: 0.9266789164839073
Cohen Kappa: 0.8568836691048145
