Test Results: 

Accuracy: 0.8390914351851851
Precision: 0.8863349558319813
Recall: 0.8661528297731778
F1: 0.8761276813757156
Cohen Kappa: 0.6466772192041474
