Test Results: 

Accuracy: 0.8097800925925925
Precision: 0.757569363856947
Recall: 0.8789473684210526
F1: 0.8137571533797948
Cohen Kappa: 0.6215592653529739
