Test Results: 

Accuracy: 0.9518229166666666
Precision: 0.924309580634163
Recall: 0.9799385505150913
F1: 0.9513115185542591
Cohen Kappa: 0.9037156633905857
