Test Results: 

Accuracy: 0.6372395833333333
Precision: 0.5706483929316822
Recall: 0.9883125489487319
F1: 0.7235318764196088
Cohen Kappa: 0.29297118991381255
