Test Results: 

Accuracy: 0.7251446759259259
Precision: 0.985105220005466
Recall: 0.4343032712814025
F1: 0.6028348036961158
Cohen Kappa: 0.4375096341242083
