Test Results: 

Accuracy: 0.9304008103024164
Precision: 0.8868955284278681
Recall: 0.9815630365007091
F1: 0.9318310657596373
Cohen Kappa: 0.8611121319880779
