Test Results: 

Accuracy: 0.9378761574074074
Precision: 0.9146430012101654
Recall: 0.9986346619687294
F1: 0.9547952416043795
Cohen Kappa: 0.8561209881536893
