Test Results: 

Accuracy: 0.8666377314814815
Precision: 0.9596687624597454
Recall: 0.7540213265859389
F1: 0.8445059208528727
Cohen Kappa: 0.7306722984644516
