Test Results: 

Accuracy: 0.9438946759259259
Precision: 0.9220731707317074
Recall: 0.9990310504294209
F1: 0.9590106754042913
Cohen Kappa: 0.8705772470966142
