Test Results: 

Accuracy: 0.942650462962963
Precision: 0.9224183619389295
Recall: 0.9965205901783748
F1: 0.9580387009357666
Cohen Kappa: 0.8679036531341582
