Test Results: 

Accuracy: 0.7134548611111111
Precision: 0.7938117524700988
Recall: 0.644670854669271
F1: 0.7115098901739155
Cohen Kappa: 0.43289803202535093
