Test Results: 

Accuracy: 0.8233796296296296
Precision: 0.9104250200481154
Recall: 0.694798041615667
F1: 0.7881291218326969
Cohen Kappa: 0.641328223560496
