Test Results: 

Accuracy: 0.8574363425925926
Precision: 0.8012897678417885
Recall: 0.9838990656179063
F1: 0.8832547449233467
Cohen Kappa: 0.7050494353683234
