Test Results: 

Accuracy: 0.847019675925926
Precision: 0.8018033946251768
Recall: 0.957609671118619
F1: 0.8728077561527173
Cohen Kappa: 0.6846538220279741
