Test Results: 

Accuracy: 0.8653935185185185
Precision: 0.9180257510729614
Recall: 0.7854345165238678
F1: 0.8465699208443271
Cohen Kappa: 0.7279609497780684
