Test Results: 

Accuracy: 0.9449363425925926
Precision: 0.9238731762979868
Recall: 0.9984584893195332
F1: 0.9597189001545203
Cohen Kappa: 0.8731449568181928
