Test Results: 

Accuracy: 0.9457465277777778
Precision: 0.9241671418098885
Recall: 0.9994274388901123
F1: 0.9603250174569923
Cohen Kappa: 0.8749695865448752
