Test Results: 

Accuracy: 0.6886863425925925
Precision: 0.9689127877667619
Recall: 0.3528763769889841
F1: 0.5173388363016465
Cohen Kappa: 0.3543459792934267
