Test Results: 

Accuracy: 0.9451967592592593
Precision: 0.9239356284375636
Recall: 0.9988108346179255
F1: 0.9599153439153438
Cohen Kappa: 0.8737264033876859
