Test Results: 

Accuracy: 0.7842013888888889
Precision: 0.9159255824103879
Recall: 0.7393966086765029
F1: 0.8182482819125603
Cohen Kappa: 0.5600173877374117
