Test Results: 

Accuracy: 0.8559895833333333
Precision: 0.8036879185874576
Recall: 0.9755582537084939
F1: 0.8813219829744617
Cohen Kappa: 0.7025121252275428
