Test Results: 

Accuracy: 0.940943287037037
Precision: 0.9194203133880003
Recall: 0.997533582911253
F1: 0.9568854432920003
Cohen Kappa: 0.8636719063311802
