Test Results: 

Accuracy: 0.8691550925925926
Precision: 0.9605674624361223
Recall: 0.7587204048436653
F1: 0.8477953550992933
Cohen Kappa: 0.735798140265481
