Test Results: 

Accuracy: 0.9434337589062896
Precision: 0.8960786937901499
Recall: 0.9991792269810476
F1: 0.9448246666196288
Cohen Kappa: 0.8871468144891584
