Test Results: 

Accuracy: 0.8629629629629629
Precision: 0.8064891918712517
Recall: 0.9867497228527689
F1: 0.8875593542260208
Cohen Kappa: 0.7166189917605281
