Test Results: 

Accuracy: 0.9478877314814815
Precision: 0.9053802323033092
Recall: 0.9955419001144648
F1: 0.9483228601761785
Cohen Kappa: 0.8960059965448411
