Test Results: 

Accuracy: 0.9536747685185185
Precision: 0.9134869872077636
Recall: 0.9980721730224712
F1: 0.9539081617964588
Cohen Kappa: 0.907530060631857
