Test Results: 

Accuracy: 0.9308449074074074
Precision: 0.9047619047619048
Recall: 1.0
F1: 0.9500000000000001
Cohen Kappa: 0.8388022108724551
