Test Results: 

Accuracy: 0.9059606481481481
Precision: 0.8569824035941594
Recall: 0.9652991144044822
F1: 0.9079215775158659
Cohen Kappa: 0.8125271501395847
