Test Results: 

Accuracy: 0.8668692129629629
Precision: 0.920280434580741
Recall: 0.8729795199295309
F1: 0.8960061478651989
Cohen Kappa: 0.7114132822744205
