Test Results: 

Accuracy: 0.74140625
Precision: 0.7740769146488441
Recall: 0.7459219764556828
F1: 0.7597386886039198
Cohen Kappa: 0.4799916888298208
