Test Results: 

Accuracy: 0.9482060185185185
Precision: 0.9115211471127661
Recall: 0.9880715705765407
F1: 0.9482539315448659
Cohen Kappa: 0.8965802087014678
