Test Results: 

Accuracy: 0.4847005208333333
Precision: 0.4847005208333333
Recall: 1.0
F1: 0.6529269896952423
Cohen Kappa: 0.0
