Test Results: 

Accuracy: 0.9537037037037037
Precision: 0.9169400122310558
Recall: 0.993614073136936
F1: 0.9537385069103106
Cohen Kappa: 0.9075564655109333
