Test Results: 

Accuracy: 0.7361111111111112
Precision: 0.8929037875489769
Recall: 0.5020807833537332
F1: 0.6427452209338766
Cohen Kappa: 0.45842619960031883
