Test Results: 

Accuracy: 0.7418402777777777
Precision: 0.7888395688015218
Recall: 0.7223776592936705
F1: 0.7541471479746487
Cohen Kappa: 0.48348782075348085
