Test Results: 

Accuracy: 0.8613715277777778
Precision: 0.805737988247494
Recall: 0.9844269651058438
F1: 0.8861643737971345
Cohen Kappa: 0.7133825041674029
