Test Results: 

Accuracy: 0.9478877314814815
Precision: 0.9105993340732519
Recall: 0.9885535273209229
F1: 0.9479765446720009
Cohen Kappa: 0.8959510647760228
