Test Results: 

Accuracy: 0.8607060185185185
Precision: 0.8064991973621415
Recall: 0.9813123581270126
F1: 0.8853591160220994
Cohen Kappa: 0.7121639810290463
