Test Results: 

Accuracy: 0.9386574074074074
Precision: 0.914702445706918
Recall: 0.9998678705131029
F1: 0.9553909603568723
Cohen Kappa: 0.8578436323028786
