Test Results: 

Accuracy: 0.9419849537037037
Precision: 0.9205607476635514
Recall: 0.9977978418850474
F1: 0.9576244319983092
Cohen Kappa: 0.8661438845835628
