Test Results: 

Accuracy: 0.9356481481481481
Precision: 0.9219580534838683
Recall: 0.9854657564413125
F1: 0.9526546600246946
Cohen Kappa: 0.8525768502615676
