Test Results: 

Accuracy: 0.9340856481481481
Precision: 0.908948948948949
Recall: 0.9998238273508038
F1: 0.9522231543624161
Cohen Kappa: 0.8467456632056407
