Test Results: 

Accuracy: 0.7071759259259259
Precision: 0.8109536899978854
Recall: 0.60734836087209
F1: 0.6945366737096287
Cohen Kappa: 0.4242693929983533
