Test Results: 

Accuracy: 0.8595196759259259
Precision: 0.8057557079607605
Recall: 0.9799398194583752
F1: 0.8843524451537601
Cohen Kappa: 0.7097309048018994
