Test Results: 

Accuracy: 0.9486979166666667
Precision: 0.9063253672440255
Recall: 0.9961443460449425
F1: 0.9491145997761388
Cohen Kappa: 0.8976209190290108
