Test Results: 

Accuracy: 0.9219039351851852
Precision: 0.9023732904263878
Recall: 0.9880202598546576
F1: 0.9432565962367288
Cohen Kappa: 0.8188625076657362
