Test Results: 

Accuracy: 0.829369212962963
Precision: 0.7482371497494897
Recall: 0.9716850412675463
F1: 0.8454462062639235
Cohen Kappa: 0.6620342951006299
