Test Results: 

Accuracy: 0.9467303240740741
Precision: 0.9250325945241199
Recall: 0.999955956837701
F1: 0.9610362124066116
Cohen Kappa: 0.877262499652766
