Test Results: 

Accuracy: 0.8545138888888889
Precision: 0.90107786129627
Recall: 0.7776621787025704
F1: 0.8348334537809604
Cohen Kappa: 0.7060873361039106
