Test Results: 

Accuracy: 0.8610532407407407
Precision: 0.8062546021570581
Recall: 0.9826321068468563
F1: 0.8857482750416369
Cohen Kappa: 0.712818683046341
