Test Results: 

Accuracy: 0.9212673611111111
Precision: 0.8863107732455892
Recall: 0.9561199510403917
F1: 0.9198928371654842
Cohen Kappa: 0.842706544908418
