Test Results: 

Accuracy: 0.9404224537037037
Precision: 0.9170572074983839
Recall: 0.9997357410262057
F1: 0.9566133552479086
Cohen Kappa: 0.8621284431541469
