Test Results: 

Accuracy: 0.8767939814814815
Precision: 0.804010444893334
Recall: 0.9831315139466232
F1: 0.8845945359930615
Cohen Kappa: 0.7552718727943944
