Test Results: 

Accuracy: 0.948755787037037
Precision: 0.9133586083853702
Recall: 0.9869269233086331
F1: 0.948718691182858
Cohen Kappa: 0.897664678953347
