Test Results: 

Accuracy: 0.9416377314814814
Precision: 0.9010451045104511
Recall: 0.9868666787155853
F1: 0.9420052330429283
Cohen Kappa: 0.8835145597776555
