Test Results: 

Accuracy: 0.940306712962963
Precision: 0.9259243974909211
Recall: 0.9881964325038538
F1: 0.9560474678824809
Cohen Kappa: 0.8633543362983827
