Test Results: 

Accuracy: 0.9279224537037037
Precision: 0.8991756499682942
Recall: 0.9545899632802938
F1: 0.9260545611066583
Cohen Kappa: 0.8558753060070907
