Test Results: 

Accuracy: 0.9305867033205527
Precision: 0.9056537102473499
Recall: 0.9564146578102843
F1: 0.9303422991760136
Cohen Kappa: 0.8612740688929869
