Test Results: 

Accuracy: 0.7323206018518519
Precision: 0.7985828712261245
Recall: 0.6842105263157895
F1: 0.7369857561197509
Cohen Kappa: 0.4677536848929005
