Test Results: 

Accuracy: 0.6614872685185185
Precision: 0.8971564665127021
Recall: 0.5475005505395287
F1: 0.680014222805722
Cohen Kappa: 0.3626243798348917
