Test Results: 

Accuracy: 0.9403645833333333
Precision: 0.9259305108525212
Recall: 0.9882845188284519
F1: 0.9560919491254606
Cohen Kappa: 0.863481131332321
