Test Results: 

Accuracy: 0.8037615740740741
Precision: 0.9342176994366709
Recall: 0.6292533659730722
F1: 0.7519929788634535
Cohen Kappa: 0.599615224882853
