Test Results: 

Accuracy: 0.9473668981481481
Precision: 0.9113783121799154
Recall: 0.9863244773781553
F1: 0.9473714665972283
Cohen Kappa: 0.8948977524571948
