Test Results: 

Accuracy: 0.9339699074074074
Precision: 0.8967599909686159
Recall: 0.9722766217870257
F1: 0.9329927178764388
Cohen Kappa: 0.8681208250314439
