Test Results: 

Accuracy: 0.7377025462962963
Precision: 0.8970636393406833
Recall: 0.502937576499388
F1: 0.6445237441668954
Cohen Kappa: 0.4616453149561458
