Test Results: 

Accuracy: 0.9416666666666667
Precision: 0.9244942344782305
Recall: 0.9922484034353667
F1: 0.9571738114458087
Cohen Kappa: 0.8660859421872193
