Test Results: 

Accuracy: 0.9533275462962963
Precision: 0.9142067440574904
Recall: 0.9963250798240858
F1: 0.9535011098619159
Cohen Kappa: 0.9068272135441346
