Test Results: 

Accuracy: 0.9385706018518518
Precision: 0.9148593082318793
Recall: 0.9995155252147104
F1: 0.955315611121635
Cohen Kappa: 0.857681416193554
