Test Results: 

Accuracy: 0.9428240740740741
Precision: 0.92295449908182
Recall: 0.9961242017176833
F1: 0.9581444609192967
Cohen Kappa: 0.8683696425375558
