Test Results: 

Accuracy: 0.9248263888888889
Precision: 0.9248975106715692
Recall: 0.9638405637524774
F1: 0.9439675624379934
Cohen Kappa: 0.8299371575221329
