Test Results: 

Accuracy: 0.7758680555555556
Precision: 0.9463951797215874
Recall: 0.5575275397796817
F1: 0.7016868212277594
Cohen Kappa: 0.5406684693437598
