Test Results: 

Accuracy: 0.8106770833333333
Precision: 0.9119502144479018
Recall: 0.6636474908200735
F1: 0.7682335021784563
Cohen Kappa: 0.6148196620247541
