Test Results: 

Accuracy: 0.9416956018518519
Precision: 0.9247413368369191
Recall: 0.9919841444615723
F1: 0.9571832302755998
Cohen Kappa: 0.8661886445274625
