Test Results: 

Accuracy: 0.7190972222222223
Precision: 0.7864987280511262
Recall: 0.6691653909095708
F1: 0.7231032515687393
Cohen Kappa: 0.44180992969515054
