Test Results: 

Accuracy: 0.9432581018518519
Precision: 0.9264101299128433
Recall: 0.9924686192468619
F1: 0.9583023240978971
Cohen Kappa: 0.8698614780361519
