Test Results: 

Accuracy: 0.9513310185185185
Precision: 0.9149835864908474
Recall: 0.9907223326706428
F1: 0.951347911604767
Cohen Kappa: 0.9028156363473203
