Test Results: 

Accuracy: 0.8442418981481481
Precision: 0.7879329374047407
Recall: 0.9175030599755202
F1: 0.8477959679927616
Cohen Kappa: 0.6901876488514644
