Test Results: 

Accuracy: 0.9241030092592593
Precision: 0.8725741096182555
Recall: 0.9859630098198686
F1: 0.9258096450289917
Cohen Kappa: 0.8487152802685693
