Test Results: 

Accuracy: 0.8916666666666667
Precision: 0.8860014709487619
Recall: 0.8847001223990208
F1: 0.8853503184713375
Cohen Kappa: 0.7826738110472748
