Test Results: 

Accuracy: 0.9519386574074075
Precision: 0.9168899307881223
Recall: 0.9896379299957829
F1: 0.9518759959437927
Cohen Kappa: 0.9040165385109441
