Test Results: 

Accuracy: 0.8959201388888889
Precision: 0.9383090614886731
Recall: 0.8384240014458703
F1: 0.8855588431802996
Cohen Kappa: 0.790671588047272
