Test Results: 

Accuracy: 0.850462962962963
Precision: 0.8030270152978193
Recall: 0.9059363525091799
F1: 0.8513832173462932
Cohen Kappa: 0.70200848122397
