Test Results: 

Accuracy: 0.7304976851851852
Precision: 0.9784579009588861
Recall: 0.44876197361286824
F1: 0.6153147199735668
Cohen Kappa: 0.4488439818159723
