Test Results: 

Accuracy: 0.9339988425925926
Precision: 0.9210786739238
Recall: 0.9838361594362475
F1: 0.9514236429073408
Cohen Kappa: 0.8488519426494764
