Test Results: 

Accuracy: 0.7533275462962963
Precision: 0.9862683690676946
Recall: 0.4932827278751732
F1: 0.6576442713144051
Cohen Kappa: 0.4963423380329415
