Test Results: 

Accuracy: 0.7605324074074075
Precision: 0.8318297766440614
Recall: 0.7058016153724331
F1: 0.7636509024445968
Cohen Kappa: 0.524262819805168
