Test Results: 

Accuracy: 0.9536458333333333
Precision: 0.921003874010443
Recall: 0.9882523043556841
F1: 0.9534437663469922
Cohen Kappa: 0.9074038032464482
