Test Results: 

Accuracy: 0.7654803240740741
Precision: 0.7912501343652585
Recall: 0.7771736261415827
F1: 0.784148712349197
Cohen Kappa: 0.5274710394732252
