Test Results: 

Accuracy: 0.548119212962963
Precision: 0.548119212962963
Recall: 1.0
F1: 0.708109825617255
Cohen Kappa: 0.0
