Test Results: 

Accuracy: 0.9543402777777777
Precision: 0.9215829357283188
Recall: 0.9890957286583529
F1: 0.9541465682571046
Cohen Kappa: 0.9087918432375861
