Test Results: 

Accuracy: 0.9166377314814815
Precision: 0.8946226470415762
Recall: 0.9336597307221542
F1: 0.9137244332644566
Cohen Kappa: 0.833156235524156
