Test Results: 

Accuracy: 0.8596643518518519
Precision: 0.8035845073456551
Recall: 0.9846381249010189
F1: 0.8849456753807469
Cohen Kappa: 0.709740913530004
