Test Results: 

Accuracy: 0.9393807870370371
Precision: 0.8897667419112114
Recall: 0.9973492379058979
F1: 0.9404914074705297
Cohen Kappa: 0.879127111677065
