Test Results: 

Accuracy: 0.8234375
Precision: 0.890227168775728
Recall: 0.71468788249694
F1: 0.7928576278090842
Cohen Kappa: 0.6421868800607236
