Test Results: 

Accuracy: 0.7169270833333333
Precision: 0.8033112582781456
Recall: 0.6403420788681835
F1: 0.7126281467555738
Cohen Kappa: 0.4406453973470118
