Test Results: 

Accuracy: 0.8729166666666667
Precision: 0.8359577100438645
Recall: 0.9097307221542228
F1: 0.8712853877263934
Cohen Kappa: 0.7462343633743881
