Test Results: 

Accuracy: 0.8665798611111111
Precision: 0.8080825451418745
Recall: 0.9922398775273188
F1: 0.890742364286899
Cohen Kappa: 0.7239665001995818
