Test Results: 

Accuracy: 0.93203125
Precision: 0.923800799467022
Recall: 0.9771415987667914
F1: 0.9497228227135549
Cohen Kappa: 0.8451064583241114
