Test Results: 

Accuracy: 0.7533564814814815
Precision: 0.727514840365795
Recall: 0.9985906188064303
F1: 0.8417672173751625
Cohen Kappa: 0.3402910415097441
