Test Results: 

Accuracy: 0.7245659722222222
Precision: 0.908235294117647
Recall: 0.6460251046025105
F1: 0.7550122249388753
Cohen Kappa: 0.46021380004800994
