Test Results: 

Accuracy: 0.9438657407407407
Precision: 0.9234816657829261
Recall: 0.9971812376128606
F1: 0.958917453729194
Cohen Kappa: 0.8707353260570413
