Test Results: 

Accuracy: 0.7796006944444445
Precision: 0.9797051911984619
Recall: 0.5525634074341828
F1: 0.7065983590770772
Cohen Kappa: 0.5510949592948979
