Test Results: 

Accuracy: 0.7231770833333333
Precision: 0.8541855545482019
Recall: 0.5968431610621338
F1: 0.702694303738463
Cohen Kappa: 0.45854897832781805
