Test Results: 

Accuracy: 0.9447048611111111
Precision: 0.9227797657774887
Recall: 0.9994714820524113
F1: 0.9595957460304038
Cohen Kappa: 0.8724675473137997
