Test Results: 

Accuracy: 0.9450231481481481
Precision: 0.923296032553408
Recall: 0.9993393525655142
F1: 0.9598138747884941
Cohen Kappa: 0.8732467895469911
