Test Results: 

Accuracy: 0.8456597222222222
Precision: 0.8018453621966908
Recall: 0.9542311143958191
F1: 0.8714265053270983
Cohen Kappa: 0.6819983365582122
