Test Results: 

Accuracy: 0.9185763888888889
Precision: 0.9203330374878492
Recall: 0.9590839022241797
F1: 0.9393089764051245
Cohen Kappa: 0.8157979835516868
