Test Results: 

Accuracy: 0.8626157407407408
Precision: 0.8053870315390904
Recall: 0.9881222615214064
F1: 0.8874454769580884
Cohen Kappa: 0.7157962243981167
