Test Results: 

Accuracy: 0.9432870370370371
Precision: 0.9120180129468055
Recall: 0.9760828965600338
F1: 0.9429635665231055
Cohen Kappa: 0.8866993978848166
