Test Results: 

Accuracy: 0.47280092592592593
Precision: 0.47280092592592593
Recall: 1.0
F1: 0.6420432220039293
Cohen Kappa: 0.0
