Test Results: 

Accuracy: 0.9405092592592592
Precision: 0.9215630231513617
Recall: 0.9940541730896278
F1: 0.95643698618527
Cohen Kappa: 0.8630805666244892
