Test Results: 

Accuracy: 0.8448784722222222
Precision: 0.8003538257408227
Recall: 0.955286913371694
F1: 0.8709840444733233
Cohen Kappa: 0.6802657438819615
