Test Results: 

Accuracy: 0.9517361111111111
Precision: 0.9140828664928726
Recall: 0.9928308934273149
F1: 0.9518308882984867
Cohen Kappa: 0.90363683082474
