Test Results: 

Accuracy: 0.7352430555555556
Precision: 0.7964880411746896
Recall: 0.6943989864329831
F1: 0.7419482204298042
Cohen Kappa: 0.47273256319113244
