Test Results: 

Accuracy: 0.6985243055555556
Precision: 0.6861627977453179
Recall: 0.9972252807751597
F1: 0.8129544189720481
Cohen Kappa: 0.15604089003683297
