Test Results: 

Accuracy: 0.9499131944444444
Precision: 0.9213330310587169
Recall: 0.9793361045846135
F1: 0.9494495225301521
Cohen Kappa: 0.8999094798849833
