Test Results: 

Accuracy: 0.9277488425925926
Precision: 0.90565280231251
Recall: 0.9935256551420392
F1: 0.9475563396551362
Cohen Kappa: 0.8322496418386846
