Test Results: 

Accuracy: 0.9282118055555556
Precision: 0.9069870401674314
Recall: 0.992512662409161
F1: 0.9478244411263695
Cohen Kappa: 0.8335422030856968
