Test Results: 

Accuracy: 0.8609375
Precision: 0.8055327425977955
Recall: 0.9837934857203189
F1: 0.8857835448452873
Cohen Kappa: 0.7125000391623619
