Test Results: 

Accuracy: 0.7284143518518519
Precision: 0.8528912192600251
Recall: 0.6096711186190149
F1: 0.711057751508435
Cohen Kappa: 0.4679088694705449
