Test Results: 

Accuracy: 0.8636284722222223
Precision: 0.896744693919334
Recall: 0.8041615667074663
F1: 0.8479334043171037
Cohen Kappa: 0.7249825768511307
