Test Results: 

Accuracy: 0.8962094907407407
Precision: 0.9206565745467348
Recall: 0.9214269984584893
F1: 0.9210416253934711
Cohen Kappa: 0.7696339950948601
