Test Results: 

Accuracy: 0.8580439814814815
Precision: 0.8972897845726199
Recall: 0.7902080783353733
F1: 0.8403514480963229
Cohen Kappa: 0.7134812617741273
