Test Results: 

Accuracy: 0.9513020833333333
Precision: 0.9175344306348673
Recall: 0.9873486354599674
F1: 0.951162183337686
Cohen Kappa: 0.9027332728145433
