Test Results: 

Accuracy: 0.8202835648148148
Precision: 0.9298871063576946
Recall: 0.6704406364749081
F1: 0.7791330322534761
Cohen Kappa: 0.6342353494711879
