Test Results: 

Accuracy: 0.8369502314814815
Precision: 0.7993252361673414
Recall: 0.9380246001161379
F1: 0.8631384645277245
Cohen Kappa: 0.6646555879112108
