Test Results: 

Accuracy: 0.48440214244354374
Precision: 0.48440214244354374
Recall: 1.0
F1: 0.6526562157154351
Cohen Kappa: 0.0
