Test Results: 

Accuracy: 0.7810763888888889
Precision: 0.9153360768175584
Recall: 0.7347280334728034
F1: 0.8151478133398485
Cohen Kappa: 0.5545040745400474
