Test Results: 

Accuracy: 0.8638888888888889
Precision: 0.8054137531637424
Recall: 0.9911312886026501
F1: 0.8886732617030341
Cohen Kappa: 0.7183163711362093
