Test Results: 

Accuracy: 0.9372106481481481
Precision: 0.9258429762349135
Recall: 0.9831755120017617
F1: 0.9536483253588517
Cohen Kappa: 0.8566277902376203
