Test Results: 

Accuracy: 0.9384548611111111
Precision: 0.8879892761394101
Recall: 0.9977107054641846
F1: 0.9396578626344011
Cohen Kappa: 0.8772931195820992
