Test Results: 

Accuracy: 0.9380787037037037
Precision: 0.9140993113446901
Recall: 0.9996916978639067
F1: 0.9549814877145743
Cohen Kappa: 0.8564662750067464
