Test Results: 

Accuracy: 0.861574074074074
Precision: 0.8043244637407041
Recall: 0.98775273187985
F1: 0.8866511870350187
Cohen Kappa: 0.7136050558847022
