Test Results: 

Accuracy: 0.8755208333333333
Precision: 0.8865270999229387
Recall: 0.844859241126071
F1: 0.8651917773878166
Cohen Kappa: 0.7496958176236413
