Test Results: 

Accuracy: 0.9348958333333334
Precision: 0.8976334312475752
Recall: 0.9757214290017471
F1: 0.9350499393799433
Cohen Kappa: 0.870017853789964
