Test Results: 

Accuracy: 0.8071469907407407
Precision: 0.740183752417795
Recall: 0.922163985782276
F1: 0.821213015370584
Cohen Kappa: 0.6172618204947729
