Test Results: 

Accuracy: 0.8275173611111111
Precision: 0.8244857124992184
Recall: 0.8069767441860465
F1: 0.8156372746110785
Cohen Kappa: 0.6536313998834252
