Test Results: 

Accuracy: 0.7067418981481481
Precision: 0.9618877475063272
Recall: 0.39541003671970626
F1: 0.5604371774298478
Cohen Kappa: 0.3933096702599148
