Test Results: 

Accuracy: 0.7351851851851852
Precision: 0.9879439129865024
Recall: 0.4541839869871679
F1: 0.6222864217911679
Cohen Kappa: 0.45845306566423205
