Test Results: 

Accuracy: 0.8555266203703704
Precision: 0.8226329257890247
Recall: 0.8853121175030599
F1: 0.8528224023581429
Cohen Kappa: 0.7113304075713376
