Test Results: 

Accuracy: 0.7557870370370371
Precision: 0.8502634562795971
Recall: 0.6729662672227208
F1: 0.7512965582272514
Cohen Kappa: 0.5177169666593222
