Test Results: 

Accuracy: 0.8333622685185185
Precision: 0.7719352351580571
Recall: 0.9190942472460221
F1: 0.8391116077664478
Cohen Kappa: 0.6689909523890303
