Test Results: 

Accuracy: 0.765162037037037
Precision: 0.7837412862309345
Recall: 0.7893681043129388
F1: 0.7865446320551259
Cohen Kappa: 0.525570639793055
