Test Results: 

Accuracy: 0.9378472222222223
Precision: 0.9105631001761464
Recall: 0.9654196035905778
F1: 0.9371893093163344
Cohen Kappa: 0.8757848145959991
