Test Results: 

Accuracy: 0.9214409722222222
Precision: 0.925862803579037
Recall: 0.9570579167584232
F1: 0.9412019491066594
Cohen Kappa: 0.8229733000802022
