Test Results: 

Accuracy: 0.6975405092592593
Precision: 0.946865037194474
Recall: 0.38170134638922887
F1: 0.5440746717843591
Cohen Kappa: 0.37400890489306104
