Test Results: 

Accuracy: 0.9450810185185186
Precision: 0.9256228777155013
Recall: 0.9964765470160758
F1: 0.9597437855264274
Cohen Kappa: 0.8737293043548984
