Test Results: 

Accuracy: 0.9328703703703703
Precision: 0.9273870098772823
Recall: 0.9333092354961142
F1: 0.9303386980542878
Cohen Kappa: 0.8655644450793505
