Test Results: 

Accuracy: 0.7272569444444444
Precision: 0.795834628535903
Recall: 0.6757641345087895
F1: 0.7309009934909215
Cohen Kappa: 0.4581203027017072
