Test Results: 

Accuracy: 0.7465277777777778
Precision: 0.7196592094586762
Recall: 0.7599143206854345
F1: 0.7392391498481873
Cohen Kappa: 0.49301405923008157
