Test Results: 

Accuracy: 0.9434317129629629
Precision: 0.9218508579328292
Recall: 0.9985465756441313
F1: 0.9586672022664326
Cohen Kappa: 0.869525697034933
