Test Results: 

Accuracy: 0.952025462962963
Precision: 0.9164854769470926
Recall: 0.9903608651123562
F1: 0.9519921241602965
Cohen Kappa: 0.9041944800050489
