Test Results: 

Accuracy: 0.7708043981481482
Precision: 0.949973276322822
Recall: 0.5438800489596083
F1: 0.6917299085425179
Cohen Kappa: 0.5298801403680384
