Test Results: 

Accuracy: 0.9528356481481481
Precision: 0.921590717061905
Recall: 0.9856617868546298
F1: 0.9525500698649276
Cohen Kappa: 0.9057729437256787
