Test Results: 

Accuracy: 0.9208622685185185
Precision: 0.8962301587301588
Recall: 0.9947148205241136
F1: 0.9429078384302265
Cohen Kappa: 0.8151220267853371
