Test Results: 

Accuracy: 0.740943287037037
Precision: 0.8271119842829077
Recall: 0.6667370532650584
F1: 0.7383158448542951
Cohen Kappa: 0.4876223347320501
