Test Results: 

Accuracy: 0.7938078703703704
Precision: 0.879614370468029
Recall: 0.6533047735618115
F1: 0.7497541789577187
Cohen Kappa: 0.5808278672497398
