Test Results: 

Accuracy: 0.8407118055555556
Precision: 0.9256029538848299
Recall: 0.7210526315789474
F1: 0.8106230004472118
Cohen Kappa: 0.6767931118346309
