Test Results: 

Accuracy: 0.48029513888888886
Precision: 0.48029513888888886
Recall: 1.0
F1: 0.6489180789303935
Cohen Kappa: 0.0
