Test Results: 

Accuracy: 0.9454282407407407
Precision: 0.9061896085252057
Recall: 0.9887342611000662
F1: 0.9456640737539614
Cohen Kappa: 0.8910629416621825
