Test Results: 

Accuracy: 0.7482060185185185
Precision: 0.8034010783907093
Recall: 0.7157789156944517
F1: 0.7570630932439977
Cohen Kappa: 0.49753978356879947
