Test Results: 

Accuracy: 0.7665798611111111
Precision: 0.8159056581851981
Recall: 0.7414348308082142
F1: 0.7768896755814918
Cohen Kappa: 0.5333312590679228
