Test Results: 

Accuracy: 0.9504050925925925
Precision: 0.9134492528192878
Recall: 0.9906018434845473
F1: 0.9504624277456647
Cohen Kappa: 0.9009730204381264
