Test Results: 

Accuracy: 0.9181745801968731
Precision: 0.8980249033920137
Recall: 0.9375420246544639
F1: 0.9173580905734859
Cohen Kappa: 0.8364075227795027
