Test Results: 

Accuracy: 0.9465277777777777
Precision: 0.9236601757711529
Recall: 0.9687330562082053
F1: 0.9456598447424136
Cohen Kappa: 0.893087009840885
