Test Results: 

Accuracy: 0.9488425925925926
Precision: 0.922222854865342
Recall: 0.9757816735947948
F1: 0.948246589778116
Cohen Kappa: 0.8977511791740881
