Test Results: 

Accuracy: 0.8642939814814815
Precision: 0.8074550239440873
Recall: 0.9880166816238188
F1: 0.888656758938322
Cohen Kappa: 0.7193681935168558
