Test Results: 

Accuracy: 0.9464699074074074
Precision: 0.9250050947625841
Recall: 0.9995595683770094
F1: 0.9608382726502963
Cohen Kappa: 0.8766857085436557
