Test Results: 

Accuracy: 0.8073206018518518
Precision: 0.7232599972325999
Recall: 0.9596695226438189
F1: 0.8248599458194155
Cohen Kappa: 0.6199072100402946
