Test Results: 

Accuracy: 0.9442708333333333
Precision: 0.9245414038539437
Recall: 0.9625278631242846
F1: 0.9431523022432113
Cohen Kappa: 0.8885419208641168
