Test Results: 

Accuracy: 0.9032748326397684
Precision: 0.8384610524985786
Recall: 0.9913355243501644
F1: 0.9085121675736729
Cohen Kappa: 0.8074210962063169
