Test Results: 

Accuracy: 0.7749421296296296
Precision: 0.9664727657324167
Recall: 0.5505150912705584
F1: 0.7014661856144929
Cohen Kappa: 0.5417054769489811
