Test Results: 

Accuracy: 0.9176215277777777
Precision: 0.9250428082191781
Recall: 0.9517286941202379
F1: 0.9381960273526537
Cohen Kappa: 0.8147835358323946
