Test Results: 

Accuracy: 0.7152488425925926
Precision: 0.9775165319617928
Recall: 0.40709914320685436
F1: 0.5748109742925038
Cohen Kappa: 0.41107753749845466
