Test Results: 

Accuracy: 0.8713541666666667
Precision: 0.8108343137756407
Recall: 0.9549370444002651
F1: 0.8770056434657519
Cohen Kappa: 0.7440329135265988
