Test Results: 

Accuracy: 0.9552372685185185
Precision: 0.9155256183745583
Recall: 0.9989758419181879
F1: 0.9554319956209847
Cohen Kappa: 0.9106440903352756
