Test Results: 

Accuracy: 0.8614004629629629
Precision: 0.9202445058943385
Recall: 0.7739290085679315
F1: 0.8407685659198192
Cohen Kappa: 0.719678772854976
