Test Results: 

Accuracy: 0.8542824074074075
Precision: 0.8330583382439599
Recall: 0.8651774785801714
F1: 0.8488141699189432
Cohen Kappa: 0.7082801275196358
