Test Results: 

Accuracy: 0.8798900462962963
Precision: 0.950949137806115
Recall: 0.7907102837520332
F1: 0.8634584388671425
Cohen Kappa: 0.7578594046092892
