Test Results: 

Accuracy: 0.9331958912037037
Precision: 0.9007352941176471
Recall: 0.9689575404820536
F1: 0.9336017543228962
Cohen Kappa: 0.8665666297673992
