Test Results: 

Accuracy: 0.5241319444444444
Precision: 0.49838177821201757
Recall: 0.9989596083231335
F1: 0.664996333414813
Cohen Kappa: 0.09246665283694855
