Test Results: 

Accuracy: 0.9411168981481481
Precision: 0.9210805084745762
Recall: 0.9956837700946928
F1: 0.9569303054032888
Cohen Kappa: 0.8643287272098744
