Test Results: 

Accuracy: 0.8635995370370371
Precision: 0.8061975468043899
Recall: 0.9888613208045188
F1: 0.8882355730475603
Cohen Kappa: 0.7178411344406153
