Test Results: 

Accuracy: 0.7516493055555555
Precision: 0.9018782014797951
Recall: 0.697907949790795
F1: 0.7868901303538175
Cohen Kappa: 0.5006677380686451
