Test Results: 

Accuracy: 0.8445891203703704
Precision: 0.8007445488388584
Recall: 0.953808794805469
F1: 0.8706001397354663
Cohen Kappa: 0.6797538899026603
