Test Results: 

Accuracy: 0.8586805555555556
Precision: 0.804901322923444
Recall: 0.9796230797656126
F1: 0.8837087480356207
Cohen Kappa: 0.7079684973325191
