Test Results: 

Accuracy: 0.86328125
Precision: 0.8067662035039268
Recall: 0.9869608826479438
F1: 0.8878125222594202
Cohen Kappa: 0.7172820665201696
