Test Results: 

Accuracy: 0.9503472222222222
Precision: 0.9158888950986419
Recall: 0.9872883908669197
F1: 0.9502493331787081
Cohen Kappa: 0.9008330839234802
