Test Results: 

Accuracy: 0.9443287037037037
Precision: 0.9243618541964468
Recall: 0.9968288923144681
F1: 0.959228650137741
Cohen Kappa: 0.8718871848631625
