Test Results: 

Accuracy: 0.6572916666666667
Precision: 0.8988029668796358
Recall: 0.5390442633781105
F1: 0.6739166345465558
Cohen Kappa: 0.3573516892123415
