Test Results: 

Accuracy: 0.9330029302174149
Precision: 0.8992805755395683
Recall: 0.9704389369961183
F1: 0.9335056728421657
Cohen Kappa: 0.8661949612073133
