Test Results: 

Accuracy: 0.9456597222222223
Precision: 0.9246768076342726
Recall: 0.9986346619687294
F1: 0.9602337695337314
Cohen Kappa: 0.8748559937350562
