Test Results: 

Accuracy: 0.9453993055555555
Precision: 0.9117317810366058
Recall: 0.9813241761551901
F1: 0.9452488031336137
Cohen Kappa: 0.8909443600435062
