Test Results: 

Accuracy: 0.8612847222222222
Precision: 0.8035354185437851
Recall: 0.9886501610093438
F1: 0.8865325443786982
Cohen Kappa: 0.7129336333574182
