Test Results: 

Accuracy: 0.9333912037037037
Precision: 0.9224398525818874
Recall: 0.9811054833737062
F1: 0.950868655824476
Cohen Kappa: 0.8477865544322913
