Test Results: 

Accuracy: 0.9521701388888889
Precision: 0.915028323892036
Recall: 0.9925899150551238
F1: 0.952232336367577
Cohen Kappa: 0.9044984050870151
