Test Results: 

Accuracy: 0.7643229166666666
Precision: 0.8121170077465603
Recall: 0.7415932006545953
F1: 0.7752545459562373
Cohen Kappa: 0.528598576113527
