Test Results: 

Accuracy: 0.6978877314814815
Precision: 0.9388483856568963
Recall: 0.38616891064871484
F1: 0.5472442652096614
Cohen Kappa: 0.3750003723937547
