Test Results: 

Accuracy: 0.94609375
Precision: 0.9018324607329843
Recall: 0.9962045906379903
F1: 0.946672391584371
Cohen Kappa: 0.892446528759344
