Test Results: 

Accuracy: 0.9271701388888889
Precision: 0.8688318491356731
Recall: 0.999216820290379
F1: 0.929474067639889
Cohen Kappa: 0.8549390871878129
