Test Results: 

Accuracy: 0.8383680555555556
Precision: 0.8260764099454214
Recall: 0.8336597307221543
F1: 0.8298507462686567
Cohen Kappa: 0.6759301648650119
