Test Results: 

Accuracy: 0.9466724537037037
Precision: 0.9249572231728184
Recall: 0.999955956837701
F1: 0.9609955344860426
Cohen Kappa: 0.8771240180823894
