Test Results: 

Accuracy: 0.7327835648148148
Precision: 0.8401065022421524
Recall: 0.6329514860370585
F1: 0.7219629685383111
Cohen Kappa: 0.47437276034774944
