Test Results: 

Accuracy: 0.7361689814814815
Precision: 0.9827074461220803
Recall: 0.4587625760587987
F1: 0.6255133891900773
Cohen Kappa: 0.46061335598278075
