Test Results: 

Accuracy: 0.7450231481481482
Precision: 0.8353525322740815
Recall: 0.6661035738795333
F1: 0.7411889097744361
Cohen Kappa: 0.4961496091736549
