Test Results: 

Accuracy: 0.7821180555555556
Precision: 0.7105841858686299
Recall: 0.9096695226438188
F1: 0.7978957539320415
Cohen Kappa: 0.5691702206476883
