Test Results: 

Accuracy: 0.9430844907407407
Precision: 0.9209564793764209
Recall: 0.999119136754019
F1: 0.9584468808754252
Cohen Kappa: 0.8686202282213009
