Test Results: 

Accuracy: 0.7997106481481482
Precision: 0.7234719058466211
Recall: 0.9329865361077111
F1: 0.8149791510745216
Cohen Kappa: 0.6041467436370742
