Test Results: 

Accuracy: 0.9414930555555555
Precision: 0.9195164496369316
Recall: 0.998326359832636
F1: 0.9573021370048146
Cohen Kappa: 0.8648928423212147
