Test Results: 

Accuracy: 0.9375868055555555
Precision: 0.9156688924706424
Recall: 0.9583107416109404
F1: 0.9365046657443113
Cohen Kappa: 0.87519979672475
