Test Results: 

Accuracy: 0.735474537037037
Precision: 0.9100308362053329
Recall: 0.6628936357630478
F1: 0.7670471919274284
Cohen Kappa: 0.4779768872225434
