Test Results: 

Accuracy: 0.9241608796296297
Precision: 0.8938845822566753
Recall: 0.9526927784577723
F1: 0.9223522441119835
Cohen Kappa: 0.8483861929337756
