Test Results: 

Accuracy: 0.9412905092592593
Precision: 0.8985665827771091
Recall: 0.9894571962166395
F1: 0.9418241247813746
Cohen Kappa: 0.8828476682274962
