Test Results: 

Accuracy: 0.7318287037037037
Precision: 0.6600144809485021
Recall: 0.892594859241126
F1: 0.7588844372756126
Cohen Kappa: 0.4716707157903154
