Test Results: 

Accuracy: 0.8570891203703703
Precision: 0.9219779406321712
Recall: 0.7622399020807834
F1: 0.8345338202284834
Cohen Kappa: 0.7107444117114154
