Test Results: 

Accuracy: 0.9338541666666667
Precision: 0.9246350289065425
Recall: 0.9791235410702488
F1: 0.9510995122786
Cohen Kappa: 0.8491763889478842
