Test Results: 

Accuracy: 0.8250578703703704
Precision: 0.9234123066798289
Recall: 0.6869645042839657
F1: 0.787829870859068
Cohen Kappa: 0.6443793802911713
