Test Results: 

Accuracy: 0.9443576388888889
Precision: 0.9250245418848168
Recall: 0.9960361153930852
F1: 0.959217865247174
Cohen Kappa: 0.8720527353376047
