Test Results: 

Accuracy: 0.941869212962963
Precision: 0.9239940998115218
Recall: 0.9932173530059458
F1: 0.9573560315000743
Cohen Kappa: 0.8664478724597249
