Test Results: 

Accuracy: 0.7380497685185186
Precision: 0.8890549919914575
Recall: 0.509547123623011
F1: 0.6478117097840888
Cohen Kappa: 0.462712071062374
