Test Results: 

Accuracy: 0.9428530092592593
Precision: 0.915312961490401
Recall: 0.9708416169648774
F1: 0.9422599035228768
Cohen Kappa: 0.8857909322297086
