Test Results: 

Accuracy: 0.7912905092592593
Precision: 0.8928294740466558
Recall: 0.6347613219094247
F1: 0.7419966376936008
Cohen Kappa: 0.5750044719092833
