Test Results: 

Accuracy: 0.942505787037037
Precision: 0.9224369953511132
Recall: 0.9962563312045805
F1: 0.9579266097783047
Cohen Kappa: 0.8675898068937034
