Test Results: 

Accuracy: 0.8445023148148149
Precision: 0.8009047766886948
Recall: 0.9532808953175316
F1: 0.870474813208002
Cohen Kappa: 0.6796062690984443
