Test Results: 

Accuracy: 0.8467592592592592
Precision: 0.8824629450062336
Recall: 0.7797429620563036
F1: 0.8279290402235362
Cohen Kappa: 0.690751757224385
