Test Results: 

Accuracy: 0.82578125
Precision: 0.933462152398555
Recall: 0.6799877600979192
F1: 0.7868144318946287
Cohen Kappa: 0.6455629380561049
