Test Results: 

Accuracy: 0.7723958333333333
Precision: 0.9717990275526742
Recall: 0.541839869871679
F1: 0.6957530749593873
Cohen Kappa: 0.5363050010937854
