Test Results: 

Accuracy: 0.7270543981481481
Precision: 0.9900164113785558
Recall: 0.4361106090728357
F1: 0.6054953786959977
Cohen Kappa: 0.44141005191484195
