Test Results: 

Accuracy: 0.9423032407407408
Precision: 0.919471786770365
Recall: 0.9997357410262057
F1: 0.9579253882511817
Cohen Kappa: 0.8666630678102903
