Test Results: 

Accuracy: 0.944849537037037
Precision: 0.925668208423724
Recall: 0.9960361153930852
F1: 0.9595638153428377
Cohen Kappa: 0.8732288514553603
