Test Results: 

Accuracy: 0.877662037037037
Precision: 0.9206009560664694
Recall: 0.8905967848491522
F1: 0.9053503469890307
Cohen Kappa: 0.7325601011266196
