Test Results: 

Accuracy: 0.9405020254629629
Precision: 0.9032656421514819
Recall: 0.982463995224237
F1: 0.9412017013975765
Cohen Kappa: 0.8812017937084795
