Test Results: 

Accuracy: 0.95078125
Precision: 0.9134199134199135
Recall: 0.9915055123802639
F1: 0.950862293092989
Cohen Kappa: 0.9017279040792705
