Test Results: 

Accuracy: 0.9345196759259259
Precision: 0.8968113374667848
Recall: 0.9759624073739381
F1: 0.9347142486224504
Cohen Kappa: 0.8692730959609096
