Test Results: 

Accuracy: 0.7587673611111111
Precision: 0.8128982770828417
Recall: 0.7272871245314892
F1: 0.7677133543228108
Cohen Kappa: 0.5184251662798401
