Test Results: 

Accuracy: 0.8658564814814815
Precision: 0.8077700813148044
Recall: 0.9911312886026501
F1: 0.8901057222775329
Cohen Kappa: 0.7224970758561262
