Test Results: 

Accuracy: 0.8439814814814814
Precision: 0.7999468767984417
Recall: 0.9539143747030565
F1: 0.8701723971877107
Cohen Kappa: 0.6784556366731626
