Test Results: 

Accuracy: 0.9476273148148148
Precision: 0.9214591051581648
Recall: 0.9739743358033617
F1: 0.946989222118088
Cohen Kappa: 0.8953178967327559
