Test Results: 

Accuracy: 0.9415219907407407
Precision: 0.9222258512288724
Recall: 0.9948909931733099
F1: 0.9571812962139028
Cohen Kappa: 0.8654029513711907
