Test Results: 

Accuracy: 0.8700520833333333
Precision: 0.9193148842805577
Recall: 0.7949204406364749
F1: 0.8526042863238045
Cohen Kappa: 0.7375003069648446
