Test Results: 

Accuracy: 0.9308449074074074
Precision: 0.8983893077450309
Recall: 0.9626070991432069
F1: 0.9293902150791775
Cohen Kappa: 0.8617890162105549
