Test Results: 

Accuracy: 0.6764467592592592
Precision: 0.9959714338033328
Recall: 0.3276703415868426
F1: 0.49310970081595645
Cohen Kappa: 0.33496752556871856
