Test Results: 

Accuracy: 0.8614293981481481
Precision: 0.887591436816321
Recall: 0.8094247246022032
F1: 0.846707851861336
Cohen Kappa: 0.7207675717282915
