Test Results: 

Accuracy: 0.9532696759259259
Precision: 0.9159911160466407
Recall: 0.993855051509127
F1: 0.9533358374989164
Cohen Kappa: 0.9066946938324354
