Test Results: 

Accuracy: 0.9451678240740741
Precision: 0.9129873047972138
Recall: 0.9791553708054702
F1: 0.9449143920234877
Cohen Kappa: 0.8904660485392192
