Test Results: 

Accuracy: 0.9432291666666667
Precision: 0.9044934505057205
Recall: 0.9859027652268209
F1: 0.9434451746800415
Cohen Kappa: 0.8866684695625338
