Test Results: 

Accuracy: 0.9451967592592593
Precision: 0.9238665526090676
Recall: 0.9988989209425236
F1: 0.9599187370381342
Cohen Kappa: 0.8737158304058925
