Test Results: 

Accuracy: 0.943605324074074
Precision: 0.923453566182471
Recall: 0.9967848491521691
F1: 0.9587189968864508
Cohen Kappa: 0.8701600892876075
