Test Results: 

Accuracy: 0.8611979166666667
Precision: 0.7780867106503299
Recall: 0.9946984758117959
F1: 0.8731589941563764
Cohen Kappa: 0.724868108414475
