Test Results: 

Accuracy: 0.8603877314814815
Precision: 0.8046086131008889
Recall: 0.9843213852082563
F1: 0.8854381841061805
Cohen Kappa: 0.7112986181925541
