Test Results: 

Accuracy: 0.9164641203703704
Precision: 0.8866915780396666
Recall: 0.9439412484700123
F1: 0.9144212242478138
Cohen Kappa: 0.8329887029575854
