Test Results: 

Accuracy: 0.9203125
Precision: 0.9039808852711295
Recall: 0.9831314688394627
F1: 0.9418962825435674
Cohen Kappa: 0.81581937270417
