Test Results: 

Accuracy: 0.8713541666666667
Precision: 0.9083356220818456
Recall: 0.8096083231334149
F1: 0.8561351281387523
Cohen Kappa: 0.740489497960718
