Test Results: 

Accuracy: 0.7427662037037037
Precision: 0.8033677349266702
Recall: 0.7026870083936019
F1: 0.7496620860554178
Cohen Kappa: 0.4875615663609243
