Test Results: 

Accuracy: 0.8561921296296297
Precision: 0.8026424084903617
Recall: 0.9781449611993877
F1: 0.8817455029980014
Cohen Kappa: 0.7027749446230513
