Test Results: 

Accuracy: 0.7313946759259259
Precision: 0.9863068332890189
Recall: 0.446954635821435
F1: 0.615148625678869
Cohen Kappa: 0.45056180613494357
