Test Results: 

Accuracy: 0.9417534722222223
Precision: 0.893026514334986
Recall: 0.9983131513946624
F1: 0.9427392973972408
Cohen Kappa: 0.8838449690656767
