Test Results: 

Accuracy: 0.7508680555555556
Precision: 0.8211998756605533
Recall: 0.6973024336166393
F1: 0.7541966426858514
Cohen Kappa: 0.5050303210547102
