Test Results: 

Accuracy: 0.9477430555555556
Precision: 0.9147182506307822
Recall: 0.9828302909813844
F1: 0.9475518382993553
Cohen Kappa: 0.8956182337563116
