Test Results: 

Accuracy: 0.9127893518518518
Precision: 0.9231529634245927
Recall: 0.9460030830213609
F1: 0.9344383537805622
Cohen Kappa: 0.8042908072020808
