Test Results: 

Accuracy: 0.9493634259259259
Precision: 0.9254971631612127
Recall: 0.9728899331285017
F1: 0.9486019736842104
Cohen Kappa: 0.8987658705964898
