Test Results: 

Accuracy: 0.9469618055555555
Precision: 0.9234342739160358
Recall: 0.9699981926622085
F1: 0.94614367562803
Cohen Kappa: 0.8939613377811786
