Test Results: 

Accuracy: 0.729224537037037
Precision: 0.8507135016465422
Recall: 0.6136831547273399
F1: 0.7130152109911678
Cohen Kappa: 0.4691370505732828
