Test Results: 

Accuracy: 0.7732349537037037
Precision: 0.8109182530795073
Recall: 0.7645568283798765
F1: 0.7870554030921393
Cohen Kappa: 0.5450001555602578
