Test Results: 

Accuracy: 0.9208912037037037
Precision: 0.9031776153752977
Recall: 0.9852014974675182
F1: 0.9424081563869228
Cohen Kappa: 0.8168723969177238
