Test Results: 

Accuracy: 0.9326967592592592
Precision: 0.9070752267188686
Recall: 1.0
F1: 0.9512736718619071
Cohen Kappa: 0.8433311190084476
