Test Results: 

Accuracy: 0.740625
Precision: 0.8008441362677118
Recall: 0.7011560998785831
F1: 0.7476919612699843
Cohen Kappa: 0.48325018381311335
