Test Results: 

Accuracy: 0.862644675925926
Precision: 0.9585977402878811
Recall: 0.746249774082776
F1: 0.8391992141187629
Cohen Kappa: 0.7225315666068968
