Test Results: 

Accuracy: 0.7124131944444444
Precision: 0.7916180852442026
Recall: 0.6451459642084147
F1: 0.7109159128588466
Cohen Kappa: 0.4306670328252469
