Test Results: 

Accuracy: 0.9460648148148149
Precision: 0.9146265968822106
Recall: 0.9790951262124225
F1: 0.9457635009310987
Cohen Kappa: 0.8922497970094537
