Test Results: 

Accuracy: 0.9458043981481481
Precision: 0.9133265970584933
Recall: 0.9801795288872823
F1: 0.9455728939644902
Cohen Kappa: 0.8917406421083794
