Test Results: 

Accuracy: 0.867824074074074
Precision: 0.8979177934018389
Recall: 0.8128518971848225
F1: 0.8532699473210844
Cohen Kappa: 0.7335613135071233
