Test Results: 

Accuracy: 0.927025462962963
Precision: 0.9001546453071098
Recall: 0.9998238273508038
F1: 0.9473750104331858
Cohen Kappa: 0.8294514338031457
