Test Results: 

Accuracy: 0.8524305555555556
Precision: 0.8033483805934172
Recall: 0.9676397613894314
F1: 0.8778735632183907
Cohen Kappa: 0.6954701695687737
