Test Results: 

Accuracy: 0.7644965277777778
Precision: 0.9535449618405044
Recall: 0.5276009791921664
F1: 0.6793270556715654
Cohen Kappa: 0.5164513958115169
