Test Results: 

Accuracy: 0.6960648148148149
Precision: 0.9975510204081632
Recall: 0.3680944635218989
F1: 0.5377574370709383
Cohen Kappa: 0.3762612742197562
