Test Results: 

Accuracy: 0.9210621517979886
Precision: 0.8970890289680572
Recall: 0.9455767077267637
F1: 0.9206949189503526
Cohen Kappa: 0.8422291548625963
