Test Results: 

Accuracy: 0.8961805555555555
Precision: 0.8284113281841587
Recall: 0.9886137719139707
F1: 0.9014502307185235
Cohen Kappa: 0.7935518579676484
