Test Results: 

Accuracy: 0.9318938078703703
Precision: 0.9064793901750423
Recall: 0.9583613163196776
F1: 0.9316986470310856
Cohen Kappa: 0.8638912533520264
