Test Results: 

Accuracy: 0.9400752314814815
Precision: 0.9170844113842174
Recall: 0.999119136754019
F1: 0.9563457768596784
Cohen Kappa: 0.8613715458013493
