Test Results: 

Accuracy: 0.7318865740740741
Precision: 0.7982861722458542
Recall: 0.6835770469302644
F1: 0.7364918666818338
Cohen Kappa: 0.4669172410475011
