Test Results: 

Accuracy: 0.901880787037037
Precision: 0.8491962774957699
Recall: 0.9675281643472499
F1: 0.9045084621666526
Cohen Kappa: 0.8044892707409439
