Test Results: 

Accuracy: 0.5765046296296297
Precision: 0.5314492614309975
Recall: 0.999216820290379
F1: 0.6938587684069611
Cohen Kappa: 0.17908739247970618
