Test Results: 

Accuracy: 0.8317708333333333
Precision: 0.9326701742847747
Recall: 0.6943084455324358
F1: 0.7960286275610441
Cohen Kappa: 0.6580341779566149
