Test Results: 

Accuracy: 0.7593460648148148
Precision: 0.7899159663865546
Recall: 0.7641872987383203
F1: 0.7768386594757036
Cohen Kappa: 0.5158718198048176
