Test Results: 

Accuracy: 0.8110821759259259
Precision: 0.8969814679938496
Recall: 0.6783353733170134
F1: 0.7724849287381955
Cohen Kappa: 0.6162165505020601
