Test Results: 

Accuracy: 0.8437210648148148
Precision: 0.8004526091586794
Recall: 0.9522778862904503
F1: 0.8697895320523639
Cohen Kappa: 0.678016871673488
