Test Results: 

Accuracy: 0.8592592592592593
Precision: 0.8051497680870432
Recall: 0.9805205088951063
F1: 0.884223555174712
Cohen Kappa: 0.7091409353246725
