Test Results: 

Accuracy: 0.954832175925926
Precision: 0.9156899601946041
Recall: 0.9978311946502801
F1: 0.9549975495142272
Cohen Kappa: 0.9098305134242157
