Test Results: 

Accuracy: 0.9318576388888888
Precision: 0.9277726393676953
Recall: 0.9719445056155032
F1: 0.9493450345228109
Cohen Kappa: 0.8454467062420589
