Test Results: 

Accuracy: 0.8646122685185185
Precision: 0.8067263031137106
Recall: 0.9902338594731563
F1: 0.8891100841331911
Cohen Kappa: 0.7199086487776967
