Test Results: 

Accuracy: 0.930324074074074
Precision: 0.9131957167867758
Recall: 0.9878440872054614
F1: 0.9490542884949013
Cohen Kappa: 0.8394040732889816
