Test Results: 

Accuracy: 0.9309606481481482
Precision: 0.9117992785051274
Recall: 0.9907509359171989
F1: 0.9496369469773724
Cohen Kappa: 0.8405039647144237
