Test Results: 

Accuracy: 0.7423900462962963
Precision: 0.7860724868930933
Recall: 0.728184553660983
F1: 0.7560220328300129
Cohen Kappa: 0.48400993268161274
