Test Results: 

Accuracy: 0.9047963800904978
Precision: 0.8924346429093033
Recall: 0.9135147256690088
F1: 0.9028516548463357
Cohen Kappa: 0.8095413600497632
