Test Results: 

Accuracy: 0.9481770833333333
Precision: 0.911013656045298
Recall: 0.9886740165070185
F1: 0.9482564354433304
Cohen Kappa: 0.8965273799291387
