Test Results: 

Accuracy: 0.7283854166666667
Precision: 0.7975463943205878
Recall: 0.676080874201552
F1: 0.7318076626382104
Cohen Kappa: 0.4604429237948531
