Test Results: 

Accuracy: 0.8632233796296296
Precision: 0.9451777411129444
Recall: 0.7592626061810952
F1: 0.8420806467778037
Cohen Kappa: 0.7239625699298533
