Test Results: 

Accuracy: 0.9338445400947661
Precision: 0.9045521292217328
Recall: 0.9653731343283583
F1: 0.9339735027616333
Cohen Kappa: 0.8678289510007622
