Test Results: 

Accuracy: 0.9400752314814815
Precision: 0.9222395023328149
Recall: 0.9924686192468619
F1: 0.9560661023780734
Cohen Kappa: 0.8622458047034129
