Test Results: 

Accuracy: 0.8101851851851852
Precision: 0.7705543875179817
Recall: 0.8523255813953489
F1: 0.8093799035276341
Cohen Kappa: 0.6213169056308185
