Test Results: 

Accuracy: 0.7321180555555555
Precision: 0.7999009103858302
Recall: 0.6818349786200707
F1: 0.7361641493302936
Cohen Kappa: 0.46759562390470555
