Test Results: 

Accuracy: 0.9463252314814815
Precision: 0.9222222222222223
Recall: 0.9700584372552563
F1: 0.9455356880707009
Cohen Kappa: 0.8926945137900927
