Test Results: 

Accuracy: 0.9544560185185185
Precision: 0.922216602034508
Recall: 0.9885535273209229
F1: 0.9542335426843452
Cohen Kappa: 0.9090184832397787
