Test Results: 

Accuracy: 0.8187789351851852
Precision: 0.7879429462892802
Recall: 0.8519790348816194
F1: 0.8187107418878629
Cohen Kappa: 0.6381092029251186
