Test Results: 

Accuracy: 0.8081597222222222
Precision: 0.9309426593289544
Recall: 0.641860465116279
F1: 0.7598348185177135
Cohen Kappa: 0.6089153044439295
