Test Results: 

Accuracy: 0.7824363425925925
Precision: 0.948175998374149
Recall: 0.5710526315789474
F1: 0.7128069974408922
Cohen Kappa: 0.5544384002866336
