Test Results: 

Accuracy: 0.9423611111111111
Precision: 0.9193763919821827
Recall: 0.999955956837701
F1: 0.9579746835443038
Cohen Kappa: 0.8667744311714861
