Test Results: 

Accuracy: 0.9429398148148148
Precision: 0.9125627573757545
Recall: 0.9745767817338394
F1: 0.9425508361009147
Cohen Kappa: 0.8859958514876041
