Test Results: 

Accuracy: 0.9327618634259259
Precision: 0.9039053751399776
Recall: 0.9637340496977838
F1: 0.9328614251146664
Cohen Kappa: 0.8656616987851411
