Test Results: 

Accuracy: 0.9020833333333333
Precision: 0.9211753934690674
Recall: 0.9305879762166923
F1: 0.9258577625870907
Cohen Kappa: 0.7817337909386641
