Test Results: 

Accuracy: 0.8378182870370371
Precision: 0.8960377776138124
Recall: 0.7432068543451652
F1: 0.8124979092095138
Cohen Kappa: 0.6717857183764063
