Test Results: 

Accuracy: 0.9418113425925926
Precision: 0.9233979867419593
Recall: 0.9938780004404316
F1: 0.9573425535074135
Cohen Kappa: 0.866225577803121
