Test Results: 

Accuracy: 0.897974537037037
Precision: 0.9007380535401551
Recall: 0.8813341493268054
F1: 0.8909304627567435
Cohen Kappa: 0.7951157547455827
