Test Results: 

Accuracy: 0.9238136574074074
Precision: 0.8870940412312905
Recall: 0.9611995104039168
F1: 0.9226611837274197
Cohen Kappa: 0.8478309044979915
