Test Results: 

Accuracy: 0.8726273148148148
Precision: 0.8638746647159229
Recall: 0.8672582619339045
F1: 0.8655631566088444
Cohen Kappa: 0.7445501797733429
