Test Results: 

Accuracy: 0.791869212962963
Precision: 0.9325640783126833
Recall: 0.6034271725826194
F1: 0.7327313937502322
Cohen Kappa: 0.5747599453180364
