Test Results: 

Accuracy: 0.8607928240740741
Precision: 0.8883125631525767
Recall: 0.8070379436964504
F1: 0.8457271123937791
Cohen Kappa: 0.7194349826785844
