Test Results: 

Accuracy: 0.9348958333333334
Precision: 0.9030644152595372
Recall: 0.9697783747481531
F1: 0.9352331606217615
Cohen Kappa: 0.8699548778985521
