Test Results: 

Accuracy: 0.762181712962963
Precision: 0.8265132139812447
Recall: 0.7165179749775643
F1: 0.7675950798812384
Cohen Kappa: 0.526625448669731
