Test Results: 

Accuracy: 0.659056712962963
Precision: 0.8578608449819382
Recall: 0.3342717258261934
F1: 0.4810851279341173
Cohen Kappa: 0.2938540858232106
