Test Results: 

Accuracy: 0.8645543981481482
Precision: 0.7855568334291738
Recall: 0.9875896138321586
F1: 0.8750633891157552
Cohen Kappa: 0.7313075045504973
