Test Results: 

Accuracy: 0.7607349537037037
Precision: 0.9549092548754368
Recall: 0.5184210526315789
F1: 0.6720082503669033
Cohen Kappa: 0.5084578646531125
