Test Results: 

Accuracy: 0.8661747685185185
Precision: 0.9168149149647762
Recall: 0.7884944920440636
F1: 0.8478268022241964
Cohen Kappa: 0.7296026437769936
