Test Results: 

Accuracy: 0.891869212962963
Precision: 0.8699583162097105
Recall: 0.9068543451652387
F1: 0.8880232523297276
Cohen Kappa: 0.7835701373969212
