Test Results: 

Accuracy: 0.9482060185185185
Precision: 0.9115668945583904
Recall: 0.988011325983493
F1: 0.9482509395779126
Cohen Kappa: 0.8965797377353869
