Test Results: 

Accuracy: 0.9467303240740741
Precision: 0.921898227558605
Recall: 0.9713838183023074
F1: 0.9459943090146381
Cohen Kappa: 0.8935116494228236
