Test Results: 

Accuracy: 0.8608217592592593
Precision: 0.9070177915842982
Recall: 0.7862301101591187
F1: 0.8423157618672962
Cohen Kappa: 0.7188859880509769
