Test Results: 

Accuracy: 0.8428002894356006
Precision: 0.9035682426404995
Recall: 0.756290599566938
F1: 0.8233955208714385
Cohen Kappa: 0.6837552421179228
