Test Results: 

Accuracy: 0.9068576388888889
Precision: 0.9092383506955274
Recall: 0.8920440636474908
F1: 0.9005591424423094
Cohen Kappa: 0.8129799329806027
