Test Results: 

Accuracy: 0.7646412037037037
Precision: 0.8233323362249476
Recall: 0.7264952752995829
F1: 0.7718884962701216
Cohen Kappa: 0.530758960979224
