Test Results: 

Accuracy: 0.9371817129629629
Precision: 0.913078332569858
Recall: 0.9606602807398036
F1: 0.9362651557408332
Cohen Kappa: 0.8744161260132206
