Test Results: 

Accuracy: 0.7551793981481482
Precision: 0.8282189378757515
Recall: 0.6981470727973393
F1: 0.7576408581822348
Cohen Kappa: 0.513910647113752
