Test Results: 

Accuracy: 0.8697916666666666
Precision: 0.897689103855972
Recall: 0.8178090575275397
F1: 0.855889323000064
Cohen Kappa: 0.7376058232070641
