Test Results: 

Accuracy: 0.7716724537037037
Precision: 0.7978975741239892
Recall: 0.7813440320962889
F1: 0.7895340463553197
Cohen Kappa: 0.540091941488444
