Test Results: 

Accuracy: 0.8638888888888889
Precision: 0.8070735389260297
Recall: 0.9878055218286438
F1: 0.8883402962400303
Cohen Kappa: 0.7185207611712352
