Test Results: 

Accuracy: 0.7670717592592593
Precision: 0.8265483542178788
Recall: 0.7277622340706329
F1: 0.7740160574925607
Cohen Kappa: 0.5356976227831104
