Test Results: 

Accuracy: 0.7165219907407407
Precision: 0.7917198264863485
Recall: 0.6551760544792271
F1: 0.7170051127993298
Cohen Kappa: 0.4380638931490981
