Test Results: 

Accuracy: 0.7185763888888889
Precision: 0.7650543509518606
Recall: 0.7022118988544581
F1: 0.7322873658133773
Cohen Kappa: 0.43681716540755
