Test Results: 

Accuracy: 0.9434337589062896
Precision: 0.8961847389558233
Recall: 0.9990299955230563
F1: 0.944816879542728
Cohen Kappa: 0.8871458190103969
