Test Results: 

Accuracy: 0.770167824074074
Precision: 0.9378454479090624
Recall: 0.5503671970624235
F1: 0.6936634656176482
Cohen Kappa: 0.5289303050435794
