Test Results: 

Accuracy: 0.6999131944444444
Precision: 0.7471171586715867
Recall: 0.6840521564694082
F1: 0.7141951663130046
Cohen Kappa: 0.3996123875601235
