Test Results: 

Accuracy: 0.9380787037037037
Precision: 0.9263589998756064
Recall: 0.9839682889231447
F1: 0.954294989534834
Cohen Kappa: 0.8585922956180922
