Test Results: 

Accuracy: 0.7298900462962963
Precision: 0.7987933822614753
Recall: 0.677981312358127
F1: 0.7334456468975757
Cohen Kappa: 0.46337247191613407
