Test Results: 

Accuracy: 0.8653356481481481
Precision: 0.8074887023886378
Recall: 0.9904450192683313
F1: 0.8896581156052917
Cohen Kappa: 0.7214324649314008
