Test Results: 

Accuracy: 0.9476273148148148
Precision: 0.9061350030208162
Recall: 0.9939152961021749
F1: 0.9479974717002816
Cohen Kappa: 0.8954756116828743
