Test Results: 

Accuracy: 0.953125
Precision: 0.9205457914537594
Recall: 0.9876498584252064
F1: 0.9529179260637061
Cohen Kappa: 0.9063629699504028
