Test Results: 

Accuracy: 0.7857638888888889
Precision: 0.8254662004662005
Recall: 0.6935128518971848
F1: 0.7537581481974192
Cohen Kappa: 0.5666824900345296
