Test Results: 

Accuracy: 0.9328414351851851
Precision: 0.9106365834004835
Recall: 0.9954635542831975
F1: 0.9511625460284061
Cohen Kappa: 0.8443623228954973
