Test Results: 

Accuracy: 0.6824652777777778
Precision: 0.9716947960618847
Recall: 0.338249694002448
F1: 0.5018158707100054
Cohen Kappa: 0.3408778085318305
