Test Results: 

Accuracy: 0.8570023148148148
Precision: 0.8045152029231372
Recall: 0.9763501029404001
F1: 0.8821425164552132
Cohen Kappa: 0.7046126596795075
