Test Results: 

Accuracy: 0.9463252314814815
Precision: 0.9170626838651279
Recall: 0.9765648533044159
F1: 0.9458789204959883
Cohen Kappa: 0.8927473270848774
