Test Results: 

Accuracy: 0.9546296296296296
Precision: 0.914328243012294
Recall: 0.9991565756973312
F1: 0.9548621106569175
Cohen Kappa: 0.9094366803043561
