Test Results: 

Accuracy: 0.7248842592592593
Precision: 0.9508975712777191
Recall: 0.4408812729498164
F1: 0.602441879913029
Cohen Kappa: 0.4324300572232702
