Test Results: 

Accuracy: 0.7581216988640475
Precision: 0.8954379346929152
Recall: 0.567077267637178
F1: 0.6943961970929701
Cohen Kappa: 0.5104151608404759
