Test Results: 

Accuracy: 0.9388599537037037
Precision: 0.9140276666285584
Recall: 0.9633110428339057
F1: 0.9380224679552988
Cohen Kappa: 0.8777795583427255
