Test Results: 

Accuracy: 0.8596354166666667
Precision: 0.8020663637143102
Recall: 0.9876471519822626
F1: 0.8852350422295299
Cohen Kappa: 0.7094886448163441
