Test Results: 

Accuracy: 0.7659143518518519
Precision: 0.7326872775609965
Recall: 0.9020218550388006
F1: 0.8085841378004921
Cohen Kappa: 0.51552893457755
