Test Results: 

Accuracy: 0.9526909722222222
Precision: 0.9184563758389261
Recall: 0.989336707030544
F1: 0.952579831201601
Cohen Kappa: 0.9055112422117207
