Test Results: 

Accuracy: 0.9383391203703704
Precision: 0.9184428896843475
Recall: 0.9944505615503193
F1: 0.9549366660322696
Cohen Kappa: 0.8578094651899687
