Test Results: 

Accuracy: 0.8575231481481481
Precision: 0.8017304463862942
Recall: 0.9832127962835876
F1: 0.8832456015554608
Cohen Kappa: 0.705278268582983
