Test Results: 

Accuracy: 0.91328125
Precision: 0.9070221462997987
Recall: 0.9098531211750306
F1: 0.9084354281873454
Cohen Kappa: 0.8260757541390169
