Test Results: 

Accuracy: 0.8588541666666667
Precision: 0.8046878384818682
Recall: 0.9804677189463126
F1: 0.883923472301542
Cohen Kappa: 0.7082836131677079
