Test Results: 

Accuracy: 0.8415798611111112
Precision: 0.7980173482032218
Recall: 0.9519083566488941
F1: 0.8681961530128313
Cohen Kappa: 0.6734929311261003
