Test Results: 

Accuracy: 0.9179108796296296
Precision: 0.8576031597547032
Recall: 0.9941562744743659
F1: 0.9208448424988143
Cohen Kappa: 0.8365531260852994
