Test Results: 

Accuracy: 0.7498263888888889
Precision: 0.7915510504558582
Recall: 0.7378979042390329
F1: 0.7637833998142178
Cohen Kappa: 0.49859441843716956
