Test Results: 

Accuracy: 0.8729745370370371
Precision: 0.9106529209621993
Recall: 0.8108935128518971
F1: 0.8578828099708643
Cohen Kappa: 0.7437467951121532
