Test Results: 

Accuracy: 0.5212094907407407
Precision: 1.0
Recall: 0.003132718838484246
F1: 0.006245871118851721
Cohen Kappa: 0.003255776460917348
