Test Results: 

Accuracy: 0.9303819444444444
Precision: 0.9153333060522978
Recall: 0.9851574543052191
F1: 0.9489627084128802
Cohen Kappa: 0.8399529894858629
