Test Results: 

Accuracy: 0.9274594907407407
Precision: 0.9195330674642739
Recall: 0.9748953974895398
F1: 0.9464052846484383
Cohen Kappa: 0.8344960378495965
