Test Results: 

Accuracy: 0.9523726851851851
Precision: 0.9144631077110704
Recall: 0.9937948069160792
F1: 0.9524799353311392
Cohen Kappa: 0.9049099728536435
