Test Results: 

Accuracy: 0.92890625
Precision: 0.9160822394053827
Recall: 0.93531211750306
F1: 0.9255973109650849
Cohen Kappa: 0.857544772428088
