Test Results: 

Accuracy: 0.7512731481481482
Precision: 0.8652827790722305
Recall: 0.6469408224674023
F1: 0.7403491814172658
Cohen Kappa: 0.5110345768347129
