Test Results: 

Accuracy: 0.75390625
Precision: 0.9458290656651872
Recall: 0.5086291309669523
F1: 0.6615194810363354
Cohen Kappa: 0.49429172577408087
