Test Results: 

Accuracy: 0.915769675925926
Precision: 0.902765281026933
Recall: 0.9210526315789473
F1: 0.9118172730302021
Cohen Kappa: 0.8312157659833235
