Test Results: 

Accuracy: 0.8171006944444444
Precision: 0.9282722065486877
Recall: 0.6645042839657282
F1: 0.7745479188215572
Cohen Kappa: 0.6276572745533857
