Test Results: 

Accuracy: 0.9065104166666667
Precision: 0.8754820299244177
Recall: 0.9999119136754019
F1: 0.9335690934884965
Cohen Kappa: 0.7781475340070166
