Test Results: 

Accuracy: 0.7579861111111111
Precision: 0.8226288502592254
Recall: 0.7119780393813018
F1: 0.7633142792461374
Cohen Kappa: 0.5183462347330077
