Test Results: 

Accuracy: 0.7934027777777778
Precision: 0.9469490866692577
Recall: 0.5964504283965728
F1: 0.7319014719134876
Cohen Kappa: 0.5775114365087823
