Test Results: 

Accuracy: 0.6058159722222223
Precision: 0.9920634920634921
Recall: 0.1807337791433219
F1: 0.3057636447026449
Cohen Kappa: 0.1851383299911623
