Test Results: 

Accuracy: 0.9521412037037037
Precision: 0.9146551245768825
Recall: 0.9930116272064582
F1: 0.9522241478913922
Cohen Kappa: 0.9044438939317835
