Test Results: 

Accuracy: 0.7355902777777777
Precision: 0.8871210492367233
Recall: 0.5050183598531212
F1: 0.6436315420014039
Cohen Kappa: 0.45755706270181273
