Test Results: 

Accuracy: 0.8147858796296297
Precision: 0.9034012501014693
Recall: 0.6810893512851898
F1: 0.7766495690707981
Cohen Kappa: 0.6236948392614341
