Test Results: 

Accuracy: 0.9447048611111111
Precision: 0.9231927710843374
Recall: 0.9989429641048228
F1: 0.9595752332198084
Cohen Kappa: 0.8725316431265223
