Test Results: 

Accuracy: 0.9446469907407408
Precision: 0.9237730311429969
Recall: 0.9981061440211407
F1: 0.9595020852297987
Cohen Kappa: 0.8724943617570721
