Test Results: 

Accuracy: 0.8260706018518519
Precision: 0.9048365603198244
Recall: 0.7064259485924113
F1: 0.7934151287074269
Cohen Kappa: 0.6471166424854384
