Test Results: 

Accuracy: 0.8362847222222223
Precision: 0.8125585205992509
Recall: 0.8497552019583844
F1: 0.8307406964221611
Cohen Kappa: 0.6723714179094875
