Test Results: 

Accuracy: 0.7399305555555555
Precision: 0.9466585662211422
Recall: 0.47680538555691554
F1: 0.6341880341880343
Cohen Kappa: 0.4646079132301061
