Test Results: 

Accuracy: 0.7622106481481481
Precision: 0.8214735327618248
Recall: 0.7233806683207518
F1: 0.769312822816079
Cohen Kappa: 0.526002571936083
