Test Results: 

Accuracy: 0.8615162037037037
Precision: 0.9470218723983955
Recall: 0.7538405928067956
F1: 0.8394606198846103
Cohen Kappa: 0.7204393637531668
