Test Results: 

Accuracy: 0.936255787037037
Precision: 0.9270894092158987
Recall: 0.9800484474785289
F1: 0.952833622369238
Cohen Kappa: 0.8547758177144262
