Test Results: 

Accuracy: 0.9534722222222223
Precision: 0.9165323701028063
Recall: 0.993614073136936
F1: 0.9535179510897843
Cohen Kappa: 0.9070959401667715
