Test Results: 

Accuracy: 0.9257233796296296
Precision: 0.8975521305530372
Recall: 0.9542743538767395
F1: 0.9250445294478349
Cohen Kappa: 0.851571332637651
