Test Results: 

Accuracy: 0.9000289351851852
Precision: 0.8918557265373153
Recall: 0.8973684210526316
F1: 0.894603581342851
Cohen Kappa: 0.7995283834571697
