Test Results: 

Accuracy: 0.9457175925925926
Precision: 0.9246483180428134
Recall: 0.9987667914556265
F1: 0.9602794833792082
Cohen Kappa: 0.8749788054518366
