Test Results: 

Accuracy: 0.9401909722222223
Precision: 0.92294450364784
Recall: 0.9917639286500771
F1: 0.9561174447487422
Cohen Kappa: 0.8626151492451918
