Test Results: 

Accuracy: 0.8460358796296297
Precision: 0.928588098016336
Recall: 0.7305385556915545
F1: 0.8177427641719471
Cohen Kappa: 0.6877216970991264
