Test Results: 

Accuracy: 0.8464409722222223
Precision: 0.8006758598135935
Recall: 0.8990208078335373
F1: 0.8470032000461268
Cohen Kappa: 0.6939100881311027
