Test Results: 

Accuracy: 0.9504918981481482
Precision: 0.9146613190730838
Recall: 0.9892162178444485
F1: 0.9504790020549333
Cohen Kappa: 0.9011353163409859
