Test Results: 

Accuracy: 0.7460069444444445
Precision: 0.7822826992502083
Recall: 0.7435464287599641
F1: 0.7624228645664177
Cohen Kappa: 0.4899544365115186
