Test Results: 

Accuracy: 0.8366319444444444
Precision: 0.9267358339984039
Recall: 0.7106487148102815
F1: 0.804433668167648
Cohen Kappa: 0.6683039736391718
