Test Results: 

Accuracy: 0.861574074074074
Precision: 0.805981760816009
Recall: 0.9844269651058438
F1: 0.8863117870722435
Cohen Kappa: 0.7138128070301786
