Test Results: 

Accuracy: 0.9524305555555556
Precision: 0.9132813795390482
Recall: 0.995481655521417
F1: 0.9526115530958147
Cohen Kappa: 0.9050371885631017
