Test Results: 

Accuracy: 0.6111979166666667
Precision: 0.9965452261306532
Recall: 0.19115609374058679
F1: 0.32078046807865335
Cohen Kappa: 0.19656697525732814
