Test Results: 

Accuracy: 0.8514467592592593
Precision: 0.7987796962222511
Recall: 0.9744496647838251
F1: 0.8779130600209264
Cohen Kappa: 0.6929246994475928
