Test Results: 

Accuracy: 0.7244502314814815
Precision: 0.9611689893113246
Recall: 0.43476132190942474
F1: 0.5987105473852766
Cohen Kappa: 0.43119294341975467
