Test Results: 

Accuracy: 0.8988715277777778
Precision: 0.8667694591970762
Recall: 0.9288861689106487
F1: 0.8967534193967682
Cohen Kappa: 0.7978900294141329
