Test Results: 

Accuracy: 0.9414930555555555
Precision: 0.8982134076380921
Recall: 0.990421109705404
F1: 0.942066357228812
Cohen Kappa: 0.8832584819482973
