Test Results: 

Accuracy: 0.8644965277777777
Precision: 0.8074866310160428
Recall: 0.9884390012141688
F1: 0.8888466924592342
Cohen Kappa: 0.7197725236434176
