Test Results: 

Accuracy: 0.9478009259259259
Precision: 0.9089049803769831
Recall: 0.9906018434845473
F1: 0.9479965407898531
Cohen Kappa: 0.8957945913619836
