Test Results: 

Accuracy: 0.8152777777777778
Precision: 0.9327942966440619
Recall: 0.656609547123623
F1: 0.770706127433374
Cohen Kappa: 0.6237110933464971
