Test Results: 

Accuracy: 0.7526041666666666
Precision: 0.9541744402985075
Recall: 0.500795593635251
F1: 0.6568470059399584
Cohen Kappa: 0.4912688198582561
