Test Results: 

Accuracy: 0.9458333333333333
Precision: 0.914634833042401
Recall: 0.9785529248749925
F1: 0.9455148728098259
Cohen Kappa: 0.8917848845219994
