Test Results: 

Accuracy: 0.7912037037037037
Precision: 0.8936831204694512
Recall: 0.6337821297429621
F1: 0.7416213119450015
Cohen Kappa: 0.5747881860509019
