Test Results: 

Accuracy: 0.9363715277777778
Precision: 0.9193799083769634
Recall: 0.9899581589958159
F1: 0.9533645791360039
Cohen Kappa: 0.8536890093642189
