Test Results: 

Accuracy: 0.8552083333333333
Precision: 0.8811188811188811
Recall: 0.8019583843329253
F1: 0.839677047289504
Cohen Kappa: 0.7082047175816766
