Test Results: 

Accuracy: 0.9201388888888888
Precision: 0.8939816660023914
Recall: 0.945900355443099
F1: 0.91920847725543
Cohen Kappa: 0.8403808000681466
