Test Results: 

Accuracy: 0.9389467592592593
Precision: 0.9178332318928789
Recall: 0.9962563312045805
F1: 0.9554382259767686
Cohen Kappa: 0.8590305508619932
