Test Results: 

Accuracy: 0.8121527777777777
Precision: 0.8979954736501778
Recall: 0.6799265605875153
F1: 0.7738924491501812
Cohen Kappa: 0.6184097631143479
