Test Results: 

Accuracy: 0.7964699074074074
Precision: 0.9588410246570085
Recall: 0.602084462919453
F1: 0.7396935830064391
Cohen Kappa: 0.586472890611737
