Test Results: 

Accuracy: 0.8216724537037037
Precision: 0.9129940751562373
Recall: 0.6884332925336597
F1: 0.7849691218031473
Cohen Kappa: 0.6376888185608791
