Test Results: 

Accuracy: 0.9035590277777777
Precision: 0.8365638319464177
Recall: 0.9932526055786494
F1: 0.9081995207535738
Cohen Kappa: 0.8081802441941843
