Test Results: 

Accuracy: 0.9479456018518518
Precision: 0.9062362758014932
Recall: 0.9945177420326525
F1: 0.9483268706017521
Cohen Kappa: 0.8961129706478719
