Test Results: 

Accuracy: 0.953587962962963
Precision: 0.9215631149845376
Recall: 0.9874088800530152
F1: 0.953350395532806
Cohen Kappa: 0.9072827112910633
