Test Results: 

Accuracy: 0.7618055555555555
Precision: 0.9792645205636384
Recall: 0.5149707813723718
F1: 0.6749842072015162
Cohen Kappa: 0.5141358453113898
