Test Results: 

Accuracy: 0.8453125
Precision: 0.7992956196346027
Recall: 0.958454310299319
F1: 0.8716693072159009
Cohen Kappa: 0.6809680840062178
