Test Results: 

Accuracy: 0.8569155092592593
Precision: 0.9105714491604814
Recall: 0.7733170134638923
F1: 0.8363503987821425
Cohen Kappa: 0.7107321547308902
