Test Results: 

Accuracy: 0.93125
Precision: 0.9105044222769678
Recall: 0.9929530940321515
F1: 0.949943117178612
Cohen Kappa: 0.8408718752540438
