Test Results: 

Accuracy: 0.8590277777777777
Precision: 0.8051086343726961
Recall: 0.9800453993559626
F1: 0.8840055235464978
Cohen Kappa: 0.7086793139102909
