Test Results: 

Accuracy: 0.860619212962963
Precision: 0.784781978149473
Recall: 0.9780107235375625
F1: 0.8708059541370523
Cohen Kappa: 0.7233871302684879
