Test Results: 

Accuracy: 0.866724537037037
Precision: 0.8769596504754562
Recall: 0.83531211750306
F1: 0.8556293881644935
Cohen Kappa: 0.7320013350153017
