Test Results: 

Accuracy: 0.6320023148148148
Precision: 0.9764301497667567
Recall: 0.23959274655099705
F1: 0.38477167182662536
Cohen Kappa: 0.24114752760017322
