Test Results: 

Accuracy: 0.806394675925926
Precision: 0.9334291618003773
Recall: 0.6358629130966952
F1: 0.7564340577336098
Cohen Kappa: 0.6051460437894702
