Test Results: 

Accuracy: 0.8326967592592592
Precision: 0.894131700761535
Recall: 0.7329253365973072
F1: 0.8055424766260846
Cohen Kappa: 0.6612494861763643
