Test Results: 

Accuracy: 0.9393807870370371
Precision: 0.9170713938805245
Recall: 0.9979740145342436
F1: 0.9558138063400333
Cohen Kappa: 0.8598475037891766
