Test Results: 

Accuracy: 0.9344039351851852
Precision: 0.9217498968221214
Recall: 0.9836599867870514
F1: 0.9516991584105678
Cohen Kappa: 0.8498483583316101
