Test Results: 

Accuracy: 0.8344039351851852
Precision: 0.7774525688600846
Recall: 0.9103427172582619
F1: 0.8386660276830264
Cohen Kappa: 0.6707286157012204
