Test Results: 

Accuracy: 0.7964699074074074
Precision: 0.7229088818626042
Recall: 0.923500611995104
F1: 0.8109851131294673
Cohen Kappa: 0.5974937938932785
