Test Results: 

Accuracy: 0.8581597222222223
Precision: 0.8049077090119435
Recall: 0.9783561209945626
F1: 0.8831967213114754
Cohen Kappa: 0.7069428054953413
