Test Results: 

Accuracy: 0.8656539351851852
Precision: 0.9069087873095387
Recall: 0.7977356181150551
F1: 0.8488262299352066
Cohen Kappa: 0.728826263202691
