Test Results: 

Accuracy: 0.8446759259259259
Precision: 0.8010912478374662
Recall: 0.9533336852663253
F1: 0.8706069517427567
Cohen Kappa: 0.6799713293296743
