Test Results: 

Accuracy: 0.8323495370370371
Precision: 0.7489057820778623
Recall: 0.9792758599915657
F1: 0.8487364243943191
Cohen Kappa: 0.6680490892557014
