Test Results: 

Accuracy: 0.9535300925925926
Precision: 0.9185416782982525
Recall: 0.9911440448219773
F1: 0.9534627644161113
Cohen Kappa: 0.9071937420625983
