Test Results: 

Accuracy: 0.9434027777777778
Precision: 0.9132938187976292
Recall: 0.974697270919935
F1: 0.9429970274523519
Cohen Kappa: 0.8869177427691199
