Test Results: 

Accuracy: 0.9309027777777777
Precision: 0.9090726050014094
Recall: 0.9942743889011231
F1: 0.9497665025874037
Cohen Kappa: 0.8398257145726781
