Test Results: 

Accuracy: 0.8903935185185186
Precision: 0.8992874411502736
Recall: 0.8650550795593636
F1: 0.8818391665106994
Cohen Kappa: 0.7797037876873607
