Test Results: 

Accuracy: 0.8644386574074074
Precision: 0.8065709125311774
Recall: 0.9901282795755688
F1: 0.8889731497499822
Cohen Kappa: 0.7195462491884759
