Test Results: 

Accuracy: 0.8574363425925926
Precision: 0.804695652173913
Recall: 0.9770363722747188
F1: 0.8825310540495435
Cohen Kappa: 0.7054905868162987
