Test Results: 

Accuracy: 0.8083912037037037
Precision: 0.9069514237855947
Recall: 0.6627294981640147
F1: 0.7658415841584159
Cohen Kappa: 0.6102301664834109
