Test Results: 

Accuracy: 0.8713831018518519
Precision: 0.904234350574322
Recall: 0.8141982864137087
F1: 0.8568576305026889
Cohen Kappa: 0.7406705569774501
