Test Results: 

Accuracy: 0.9486400462962963
Precision: 0.9216154721274176
Recall: 0.9760828965600338
F1: 0.9480675268439686
Cohen Kappa: 0.8973503251476643
