Test Results: 

Accuracy: 0.9447627314814815
Precision: 0.9248243176989704
Recall: 0.9969610218013654
F1: 0.9595387973972574
Cohen Kappa: 0.8729098963977899
