Test Results: 

Accuracy: 0.8491608796296296
Precision: 0.9245326211369707
Recall: 0.7414932680538555
F1: 0.8229580573951435
Cohen Kappa: 0.6943039746648754
