Test Results: 

Accuracy: 0.8109375
Precision: 0.7386541471048513
Recall: 0.9383697813121272
F1: 0.8266199649737304
Cohen Kappa: 0.6251297934841453
