Test Results: 

Accuracy: 0.9454282407407407
Precision: 0.9244098340604232
Recall: 0.9985906188064303
F1: 0.9600694444444445
Cohen Kappa: 0.8743071216372585
