Test Results: 

Accuracy: 0.8785590277777777
Precision: 0.8329585961063888
Recall: 0.9295593635250918
F1: 0.8786117136659435
Cohen Kappa: 0.7578460621023112
