Test Results: 

Accuracy: 0.8881655092592593
Precision: 0.9210996870809119
Recall: 0.9075093591719885
F1: 0.9142540210759845
Cohen Kappa: 0.7535392622068036
