Test Results: 

Accuracy: 0.9406539351851851
Precision: 0.9207545632333768
Recall: 0.9953314247963003
F1: 0.9565916738978603
Cohen Kappa: 0.8632620243279865
