Test Results: 

Accuracy: 0.7802951388888889
Precision: 0.9028276687851156
Recall: 0.5998776009791922
F1: 0.7208147957495312
Cohen Kappa: 0.5515221144816472
