Test Results: 

Accuracy: 0.9414930555555555
Precision: 0.9015038836555941
Recall: 0.9859027652268209
F1: 0.9418162983425415
Cohen Kappa: 0.8832186242325867
