Test Results: 

Accuracy: 0.9305266203703704
Precision: 0.9248054230479538
Recall: 0.973397929971372
F1: 0.9484797116065489
Cohen Kappa: 0.8420633755970548
