Test Results: 

Accuracy: 0.6865451388888889
Precision: 0.8842145158233845
Recall: 0.4926358021432719
F1: 0.6327423127775706
Cohen Kappa: 0.3957260597068527
