Test Results: 

Accuracy: 0.924537037037037
Precision: 0.8677777193628096
Recall: 0.994397252846557
F1: 0.9267827063447502
Cohen Kappa: 0.8496709736240411
