Test Results: 

Accuracy: 0.9413194444444445
Precision: 0.8938746823809266
Recall: 0.9960841014518947
F1: 0.9422156371096422
Cohen Kappa: 0.8829637297752702
