Test Results: 

Accuracy: 0.8020833333333334
Precision: 0.7743955169670345
Recall: 0.9859942743889011
F1: 0.867477816096408
Cohen Kappa: 0.49813315573375894
