Test Results: 

Accuracy: 0.8652777777777778
Precision: 0.8073662923282131
Recall: 0.9905505991659188
F1: 0.8896263986345534
Cohen Kappa: 0.7213031214822307
