Test Results: 

Accuracy: 0.9400462962962963
Precision: 0.9169462070080426
Recall: 0.9992512662409161
F1: 0.9563311414601248
Cohen Kappa: 0.8612842021354133
