Test Results: 

Accuracy: 0.8955439814814815
Precision: 0.8242224551944486
Recall: 0.9946382312187482
F1: 0.9014469014469014
Cohen Kappa: 0.7923905219587789
