Test Results: 

Accuracy: 0.9339988425925926
Precision: 0.9225422045680238
Recall: 0.9819863466196873
F1: 0.9513365903611888
Cohen Kappa: 0.849115610321899
