Test Results: 

Accuracy: 0.7883680555555556
Precision: 0.9405505661850839
Recall: 0.5896572827417381
F1: 0.7248721035209149
Cohen Kappa: 0.5671486190913657
