Test Results: 

Accuracy: 0.8412905092592593
Precision: 0.8007508715473317
Recall: 0.9457847225888191
F1: 0.8672459278263185
Cohen Kappa: 0.6733128094992913
