Test Results: 

Accuracy: 0.9366635317948347
Precision: 0.8992869875222816
Recall: 0.9789536532577058
F1: 0.9374307664820439
Cohen Kappa: 0.8735411725925759
