Test Results: 

Accuracy: 0.9293692129629629
Precision: 0.9176077817162641
Recall: 0.9805329222638185
F1: 0.9480273383439436
Cohen Kappa: 0.8382160550519415
