Test Results: 

Accuracy: 0.9401331018518518
Precision: 0.9164850246225882
Recall: 1.0
F1: 0.9564228395711788
Cohen Kappa: 0.8613947359392146
