Test Results: 

Accuracy: 0.8623553240740741
Precision: 0.921598602314916
Recall: 0.7747858017135862
F1: 0.8418392791834292
Cohen Kappa: 0.7216055733506898
