Test Results: 

Accuracy: 0.9428819444444444
Precision: 0.9216874822017005
Recall: 0.9978418850473464
F1: 0.9582540286765637
Cohen Kappa: 0.8682935347332754
