Test Results: 

Accuracy: 0.7500868055555555
Precision: 0.8287610054867934
Recall: 0.6857414348308082
F1: 0.7504983100788629
Cohen Kappa: 0.5046046164071919
