Test Results: 

Accuracy: 0.9480034722222223
Precision: 0.9048687089715536
Recall: 0.9965058136032291
F1: 0.9484790274950543
Cohen Kappa: 0.8962435770721272
