Test Results: 

Accuracy: 0.9463541666666667
Precision: 0.9249928661693367
Recall: 0.9993833957278132
F1: 0.96075027521382
Cohen Kappa: 0.8764294266729884
