Test Results: 

Accuracy: 0.7499131944444445
Precision: 0.779891304347826
Recall: 0.7575357651903077
F1: 0.7685510001874515
Cohen Kappa: 0.4966868848737652
