Test Results: 

Accuracy: 0.9096064814814815
Precision: 0.8434871271985726
Recall: 0.9967467919754202
F1: 0.9137350196056774
Cohen Kappa: 0.8201706137777713
