Test Results: 

Accuracy: 0.7614872685185186
Precision: 0.8125
Recall: 0.7343081877210579
F1: 0.7714277791642403
Cohen Kappa: 0.5233992343285492
