Test Results: 

Accuracy: 0.9341435185185185
Precision: 0.8882624017348875
Recall: 0.9870474124947286
F1: 0.9350530761328616
Cohen Kappa: 0.8686360661924017
