Test Results: 

Accuracy: 0.9521412037037037
Precision: 0.9245015054252116
Recall: 0.9804205072594735
F1: 0.9516402549558506
Cohen Kappa: 0.9043528660251713
