Test Results: 

Accuracy: 0.9536168981481481
Precision: 0.9210467205750225
Recall: 0.9881318151695885
F1: 0.9534106431830732
Cohen Kappa: 0.907345369700934
