Test Results: 

Accuracy: 0.4843648208469055
Precision: 0.4843648208469055
Recall: 1.0
F1: 0.652622339258284
Cohen Kappa: 0.0
