Test Results: 

Accuracy: 0.9451388888888889
Precision: 0.9257334588158271
Recall: 0.9964325038537767
F1: 0.9597827931444086
Cohen Kappa: 0.8738728982709383
