Test Results: 

Accuracy: 0.8471064814814815
Precision: 0.8018563535911603
Recall: 0.9577152510162065
F1: 0.8728829869130101
Cohen Kappa: 0.6848309496336618
