Test Results: 

Accuracy: 0.8407696759259259
Precision: 0.7935523326926437
Recall: 0.9589822097872565
F1: 0.8684594239273334
Cohen Kappa: 0.671264659414583
