Test Results: 

Accuracy: 0.8479745370370371
Precision: 0.8007381695153566
Recall: 0.962044026817294
F1: 0.8740108388086901
Cohen Kappa: 0.686379092978612
