Test Results: 

Accuracy: 0.7577546296296296
Precision: 0.8205081559638591
Recall: 0.7143007971282268
F1: 0.7637297510865271
Cohen Kappa: 0.517628903878316
