Test Results: 

Accuracy: 0.7323784722222222
Precision: 0.9795146137787056
Recall: 0.45225616000963914
F1: 0.6188022915550427
Cohen Kappa: 0.45275544415176394
