Test Results: 

Accuracy: 0.9472222222222222
Precision: 0.915892585711873
Recall: 0.9801192842942346
F1: 0.9469181072114544
Cohen Kappa: 0.8945605919068161
