Test Results: 

Accuracy: 0.9434606481481481
Precision: 0.9238530985742882
Recall: 0.9960361153930852
F1: 0.9585876568328247
Cohen Kappa: 0.869905901248084
