Test Results: 

Accuracy: 0.9342592592592592
Precision: 0.909069069069069
Recall: 0.999955956837701
F1: 0.9523489932885907
Cohen Kappa: 0.8471493181752483
