Test Results: 

Accuracy: 0.9369212962962963
Precision: 0.8998391658809828
Recall: 0.9774685222001326
F1: 0.9370488016170951
Cohen Kappa: 0.8740583020154894
