Test Results: 

Accuracy: 0.8646701388888889
Precision: 0.8075364318358196
Recall: 0.9887557409069313
F1: 0.8890049125471674
Cohen Kappa: 0.7201218888467376
