Test Results: 

Accuracy: 0.7149305555555555
Precision: 0.7446052843997202
Recall: 0.7304545214591142
F1: 0.7374620263284124
Cohen Kappa: 0.4256934445812004
