Test Results: 

Accuracy: 0.8863425925925926
Precision: 0.8481431616739594
Recall: 0.9252753977968177
F1: 0.8850319030615231
Cohen Kappa: 0.7730752303721782
