Test Results: 

Accuracy: 0.8187210648148148
Precision: 0.839751804141094
Recall: 0.7619951040391677
F1: 0.7989861071004588
Cohen Kappa: 0.6346206172290916
