Test Results: 

Accuracy: 0.8590277777777777
Precision: 0.8031889678948503
Recall: 0.9838990656179063
F1: 0.884407326563538
Cohen Kappa: 0.7084343501903279
