Test Results: 

Accuracy: 0.863917824074074
Precision: 0.8066586269273839
Recall: 0.9887029509581375
F1: 0.8884514124427788
Cohen Kappa: 0.7185271087695921
