Test Results: 

Accuracy: 0.9467303240740741
Precision: 0.9249979630082295
Recall: 1.0
F1: 0.961037861632558
Cohen Kappa: 0.8772573615245137
