Test Results: 

Accuracy: 0.9208912037037037
Precision: 0.8600613951519
Recall: 0.9944920440636474
F1: 0.9224044956576033
Cohen Kappa: 0.8425822373221835
