Test Results: 

Accuracy: 0.9271701388888889
Precision: 0.9021513944223107
Recall: 0.9973133670997577
F1: 0.9473486037025415
Cohen Kappa: 0.8302184952546092
