Test Results: 

Accuracy: 0.7693576388888889
Precision: 0.7976668475311991
Recall: 0.7760650372169139
F1: 0.7867176838894389
Cohen Kappa: 0.5357418172313182
