Test Results: 

Accuracy: 0.7909432870370371
Precision: 0.9431210500729217
Recall: 0.5936352509179926
F1: 0.7286384976525822
Cohen Kappa: 0.5724721777147082
