Test Results: 

Accuracy: 0.9331018518518519
Precision: 0.9177694923587495
Recall: 0.9865668354987888
F1: 0.9509254542367125
Cohen Kappa: 0.8463021587079126
