Test Results: 

Accuracy: 0.8597800925925926
Precision: 0.902563743345475
Recall: 0.7885556915544676
F1: 0.8417167494120721
Cohen Kappa: 0.7168828267359231
