Test Results: 

Accuracy: 0.8707175925925926
Precision: 0.8236641221374046
Recall: 0.9244798041615667
F1: 0.8711649365628604
Cohen Kappa: 0.7422951266176849
