Test Results: 

Accuracy: 0.8651909722222222
Precision: 0.8941756090976581
Recall: 0.8108323133414933
F1: 0.8504669897615303
Cohen Kappa: 0.7282750914176093
