Test Results: 

Accuracy: 0.7190104166666667
Precision: 0.9907381020233684
Recall: 0.41888065546117237
F1: 0.5888131430749036
Cohen Kappa: 0.4245530240395272
