Test Results: 

Accuracy: 0.8108217592592593
Precision: 0.9342548289916711
Recall: 0.6452876376988984
F1: 0.76333888366032
Cohen Kappa: 0.6143668690532804
