Test Results: 

Accuracy: 0.847019675925926
Precision: 0.8020971595434032
Recall: 0.9570289816818878
F1: 0.8727404019737633
Cohen Kappa: 0.6846936402793222
