Test Results: 

Accuracy: 0.9024884259259259
Precision: 0.8707574304889741
Recall: 1.0
F1: 0.9309143091430915
Cohen Kappa: 0.7678877647484844
