Test Results: 

Accuracy: 0.6993634259259259
Precision: 0.8299513926394568
Recall: 0.5678614791743652
F1: 0.6743355065195586
Cohen Kappa: 0.41285017552944125
