Test Results: 

Accuracy: 0.9277199074074074
Precision: 0.9032850357242646
Recall: 0.996696762827571
F1: 0.9476946270781859
Cohen Kappa: 0.8316676635278943
