Test Results: 

Accuracy: 0.9133680555555556
Precision: 0.9238013330466567
Recall: 0.9461792556705572
F1: 0.9348563968668409
Cohen Kappa: 0.8056370212299555
