Test Results: 

Accuracy: 0.789699074074074
Precision: 0.9226612001490868
Recall: 0.6059975520195838
F1: 0.7315307328605202
Cohen Kappa: 0.5705456456376772
