Test Results: 

Accuracy: 0.3542534722222222
Precision: 0.9369369369369369
Recall: 0.01832195551640608
F1: 0.03594107736835284
Cohen Kappa: 0.011017103676855933
