Test Results: 

Accuracy: 0.9545138888888889
Precision: 0.9212311487357739
Recall: 0.9899391529610218
F1: 0.9543500987338831
Cohen Kappa: 0.9091431954442277
