Test Results: 

Accuracy: 0.8441550925925926
Precision: 0.8006920108237591
Recall: 0.9528585757271816
F1: 0.8701730704333993
Cohen Kappa: 0.6788982078557426
