Test Results: 

Accuracy: 0.7825810185185185
Precision: 0.898734841723975
Recall: 0.7540189385597886
F1: 0.8200411936580928
Cohen Kappa: 0.550722448484926
