Test Results: 

Accuracy: 0.7848958333333333
Precision: 0.924109208699676
Recall: 0.6015422615820231
F1: 0.7287257334695665
Cohen Kappa: 0.563343453530754
