Test Results: 

Accuracy: 0.8437210648148148
Precision: 0.8283998799159411
Recall: 0.8443696450428396
F1: 0.8363085315956963
Cohen Kappa: 0.6868259516682108
