Test Results: 

Accuracy: 0.9405381944444444
Precision: 0.9203990228013029
Recall: 0.9955956837700947
F1: 0.9565217391304348
Cohen Kappa: 0.8629494520355501
