Test Results: 

Accuracy: 0.8513599537037037
Precision: 0.795606372045221
Recall: 0.9807844586390752
F1: 0.8785435630689207
Cohen Kappa: 0.6923148849321192
