Test Results: 

Accuracy: 0.8633969907407407
Precision: 0.8069584736251403
Recall: 0.9868553027503564
F1: 0.8878862000997412
Cohen Kappa: 0.7175344167986548
