Test Results: 

Accuracy: 0.9211805555555556
Precision: 0.9131891310641466
Recall: 0.9724730235630918
F1: 0.9418991553621704
Cohen Kappa: 0.8197707194692985
