Test Results: 

Accuracy: 0.7269675925925926
Precision: 0.799018682770334
Recall: 0.6705379295782083
F1: 0.7291618828932263
Cohen Kappa: 0.4581090545039218
