Test Results: 

Accuracy: 0.8561631944444444
Precision: 0.7782084409991387
Recall: 0.979757816735948
F1: 0.8674293943515481
Cohen Kappa: 0.7146806757823493
