Test Results: 

Accuracy: 0.9251193749095644
Precision: 0.8792606977834326
Recall: 0.980070164962305
F1: 0.9269325803035651
Cohen Kappa: 0.850607972722035
