Test Results: 

Accuracy: 0.8111400462962963
Precision: 0.9295281449706732
Recall: 0.6498164014687883
F1: 0.7649029283578863
Cohen Kappa: 0.6151848414437446
