Test Results: 

Accuracy: 0.8436631944444445
Precision: 0.9244082266201009
Recall: 0.7289473684210527
F1: 0.8151240376390078
Cohen Kappa: 0.6829396560770287
