Test Results: 

Accuracy: 0.7408275462962963
Precision: 0.828962972723679
Recall: 0.6642031357229583
F1: 0.7374930394771547
Cohen Kappa: 0.4876530262799702
