Test Results: 

Accuracy: 0.8542534722222223
Precision: 0.8829188969442374
Recall: 0.7974908200734394
F1: 0.8380333772790122
Cohen Kappa: 0.7061750878527419
