Test Results: 

Accuracy: 0.8333333333333334
Precision: 0.8284551269625896
Recall: 0.9412023783307641
F1: 0.8812371134020617
Cohen Kappa: 0.6056615862968384
