Test Results: 

Accuracy: 0.936863425925926
Precision: 0.9188196400146933
Recall: 0.9914996696762828
F1: 0.9537770622378512
Cohen Kappa: 0.8546592028373576
