Test Results: 

Accuracy: 0.8693576388888888
Precision: 0.8918417390151766
Recall: 0.823561811505508
F1: 0.8563428680517993
Cohen Kappa: 0.7369005869922074
