Test Results: 

Accuracy: 0.910619212962963
Precision: 0.9130032002694963
Recall: 0.9549438449680687
F1: 0.9335026801283016
Cohen Kappa: 0.7974345516954797
