Test Results: 

Accuracy: 0.8076678240740741
Precision: 0.8100966152664918
Recall: 0.7748470012239902
F1: 0.7920798273327285
Cohen Kappa: 0.6133259423458539
