Test Results: 

Accuracy: 0.7044560185185185
Precision: 0.8257332636763938
Recall: 0.5840679934540464
F1: 0.6841877434914353
Cohen Kappa: 0.42141789277500197
