Test Results: 

Accuracy: 0.9002025462962963
Precision: 0.9432385061345557
Recall: 0.8429423459244533
F1: 0.8902745522221869
Cohen Kappa: 0.7992854097289408
