Test Results: 

Accuracy: 0.7418113425925926
Precision: 0.7178765650689263
Recall: 1.0
F1: 0.8357719986012184
Cohen Kappa: 0.3015533122999813
