Test Results: 

Accuracy: 0.9514756944444445
Precision: 0.9120733458522037
Recall: 0.9948792095909392
F1: 0.9516784325025212
Cohen Kappa: 0.9031338673643408
