Test Results: 

Accuracy: 0.7023726851851851
Precision: 0.9726733291692692
Recall: 0.3812117503059976
F1: 0.5477488568413648
Cohen Kappa: 0.38364246327073614
