Test Results: 

Accuracy: 0.9314525462962963
Precision: 0.8983292467354735
Recall: 0.9641370869033048
F1: 0.9300705493402603
Cohen Kappa: 0.8630159190882023
