Test Results: 

Accuracy: 0.9363425925925926
Precision: 0.9221046564288361
Recall: 0.9864347060118916
F1: 0.9531855130442184
Cohen Kappa: 0.854107024831567
