Test Results: 

Accuracy: 0.9374710648148148
Precision: 0.9199852808896885
Recall: 0.9910151948909932
F1: 0.9541801836185145
Cohen Kappa: 0.8561873081007596
