Test Results: 

Accuracy: 0.8425347222222223
Precision: 0.8138101819857175
Recall: 0.8648102815177479
F1: 0.8385354854023261
Cohen Kappa: 0.6851527012291792
