Test Results: 

Accuracy: 0.8912037037037037
Precision: 0.9037745538580049
Recall: 0.8616279069767442
F1: 0.8821981327150824
Cohen Kappa: 0.7812352734956389
