Test Results: 

Accuracy: 0.9463831018518518
Precision: 0.91296068107987
Recall: 0.9819868666787156
F1: 0.9462165849127796
Cohen Kappa: 0.8929063995181045
