Test Results: 

Accuracy: 0.9428819444444444
Precision: 0.9218591021936429
Recall: 0.9976216692358512
F1: 0.9582451984093409
Cohen Kappa: 0.8683211171352746
