Test Results: 

Accuracy: 0.7435763888888889
Precision: 0.8311543262597727
Recall: 0.6678456421897271
F1: 0.7406041447137339
Cohen Kappa: 0.49296707569654485
