Test Results: 

Accuracy: 0.8644097222222222
Precision: 0.8073821741192704
Recall: 0.9884390012141688
F1: 0.8887834053258651
Cohen Kappa: 0.7195881611799728
