Test Results: 

Accuracy: 0.8470486111111111
Precision: 0.8006163328197227
Recall: 0.9600380087631315
F1: 0.873109606798214
Cohen Kappa: 0.6845486891239931
