Test Results: 

Accuracy: 0.952025462962963
Precision: 0.9147282518181313
Recall: 0.9926501596481716
F1: 0.9520975384259794
Cohen Kappa: 0.9042110582421877
