Test Results: 

Accuracy: 0.857667824074074
Precision: 0.8047370708387658
Recall: 0.9775114818138626
F1: 0.8827497437608752
Cohen Kappa: 0.7059518680997758
