Test Results: 

Accuracy: 0.9412037037037037
Precision: 0.9223289070480082
Recall: 0.9942303457388241
F1: 0.9569309029249682
Cohen Kappa: 0.8647241000128966
