Test Results: 

Accuracy: 0.7338541666666667
Precision: 0.8005304385369765
Recall: 0.685160745394077
F1: 0.7383661394925475
Cohen Kappa: 0.4708527906391371
