Test Results: 

Accuracy: 0.8463831018518518
Precision: 0.8018241388470734
Recall: 0.9560259726548065
F1: 0.8721616219990849
Cohen Kappa: 0.6834106761118219
