Test Results: 

Accuracy: 0.8152199074074075
Precision: 0.9025396311873181
Recall: 0.6829253365973073
F1: 0.7775222965440357
Cohen Kappa: 0.6246306858460121
