Test Results: 

Accuracy: 0.8579571759259259
Precision: 0.805379058229611
Recall: 0.9769307923771314
F1: 0.8828987858114071
Cohen Kappa: 0.7066036609670251
