Test Results: 

Accuracy: 0.8295428240740741
Precision: 0.9410940846927006
Recall: 0.6881739863847219
F1: 0.7950029578592058
Cohen Kappa: 0.6550402607351439
