Test Results: 

Accuracy: 0.846412037037037
Precision: 0.809748427672956
Recall: 0.8824969400244798
F1: 0.8445589785638983
Cohen Kappa: 0.6933338040872136
