Test Results: 

Accuracy: 0.9417245370370371
Precision: 0.9211479747608385
Recall: 0.9966086765029729
F1: 0.9573936957901417
Cohen Kappa: 0.8656697311641864
