Test Results: 

Accuracy: 0.9456018518518519
Precision: 0.9235650652890208
Recall: 0.999955956837701
F1: 0.9602436136017595
Cohen Kappa: 0.8745600160630398
