Test Results: 

Accuracy: 0.9444733796296296
Precision: 0.9249325374110721
Recall: 0.9963444175291786
F1: 0.9593113245552657
Cohen Kappa: 0.8722922000209892
