Test Results: 

Accuracy: 0.6252025462962963
Precision: 0.9779758783429471
Recall: 0.22471233206819688
F1: 0.3654533875471513
Cohen Kappa: 0.2266546490341257
