Test Results: 

Accuracy: 0.7741030092592592
Precision: 0.8198896932092382
Recall: 0.7533653592356016
F1: 0.7852210514732181
Cohen Kappa: 0.5478887546412506
