Test Results: 

Accuracy: 0.8641203703703704
Precision: 0.807352116322216
Recall: 0.9878055218286438
F1: 0.8885090218423551
Cohen Kappa: 0.7190124124382263
