Test Results: 

Accuracy: 0.9403645833333333
Precision: 0.9195252804422045
Recall: 0.9964325038537767
F1: 0.9564353505675453
Cohen Kappa: 0.8624225611967905
