Test Results: 

Accuracy: 0.8403935185185185
Precision: 0.800959340117452
Recall: 0.9431980150979253
F1: 0.8662787878787879
Cohen Kappa: 0.671592568427664
