Test Results: 

Accuracy: 0.8565972222222222
Precision: 0.8013270713947176
Recall: 0.9817874676661563
F1: 0.882425507686468
Cohen Kappa: 0.7034005232825347
