Test Results: 

Accuracy: 0.9349826388888889
Precision: 0.9156102714123192
Recall: 0.992512662409161
F1: 0.9525117822347148
Cohen Kappa: 0.8499813965025425
