Test Results: 

Accuracy: 0.48468188230187725
Precision: 0.48468188230187725
Recall: 1.0
F1: 0.6529100786902818
Cohen Kappa: 0.0
