Test Results: 

Accuracy: 0.9433738425925926
Precision: 0.9245723172628305
Recall: 0.994979079497908
F1: 0.9584844820636841
Cohen Kappa: 0.8698286044445095
