Test Results: 

Accuracy: 0.859375
Precision: 0.8017311565325449
Recall: 0.9876999419310564
F1: 0.8850520340586566
Cohen Kappa: 0.7089312096383098
