Test Results: 

Accuracy: 0.844386574074074
Precision: 0.8012436153675327
Recall: 0.9523306762392441
F1: 0.8702783539968161
Cohen Kappa: 0.6794266511015916
