Test Results: 

Accuracy: 0.8510416666666667
Precision: 0.7958649680435809
Recall: 0.9794647099192314
F1: 0.8781711472926922
Cohen Kappa: 0.691725332632515
