Test Results: 

Accuracy: 0.8623553240740741
Precision: 0.8024733475479744
Recall: 0.9934012564007813
F1: 0.8877880782204608
Cohen Kappa: 0.7149142729138185
