Test Results: 

Accuracy: 0.8605034722222222
Precision: 0.8022947170134429
Recall: 0.9892836403948688
F1: 0.886031063095435
Cohen Kappa: 0.7112319945053616
