Test Results: 

Accuracy: 0.94921875
Precision: 0.9156586021505376
Recall: 0.9849990963311043
F1: 0.9490639965171964
Cohen Kappa: 0.8985707432943991
