Test Results: 

Accuracy: 0.950318287037037
Precision: 0.9153734509322318
Recall: 0.9878908367973974
F1: 0.950250630197317
Cohen Kappa: 0.9007800397280336
