Test Results: 

Accuracy: 0.6730324074074074
Precision: 0.862381363244176
Recall: 0.36701346389228884
F1: 0.5148965398815146
Cohen Kappa: 0.32409333925388584
