Test Results: 

Accuracy: 0.8588252314814815
Precision: 0.8053143452587704
Recall: 0.9791479702264689
F1: 0.8837641453245981
Cohen Kappa: 0.7083060711471303
