Test Results: 

Accuracy: 0.85625
Precision: 0.7807385952208544
Recall: 0.9743358033616483
F1: 0.8668596237337193
Cohen Kappa: 0.7147347821750509
