Test Results: 

Accuracy: 0.8541087962962963
Precision: 0.9175783560023655
Recall: 0.7596695226438188
F1: 0.8311905718494711
Cohen Kappa: 0.704730026130614
