Test Results: 

Accuracy: 0.8675347222222223
Precision: 0.9013786513786514
Recall: 0.8082619339045287
F1: 0.852284460505937
Cohen Kappa: 0.7328593762536806
