Test Results: 

Accuracy: 0.7382523148148148
Precision: 0.8218536585365853
Recall: 0.6670537929578209
F1: 0.7364065504982807
Cohen Kappa: 0.482000407500616
