Test Results: 

Accuracy: 0.8095196759259259
Precision: 0.8918788657723512
Recall: 0.6794981640146879
F1: 0.7713362742714232
Cohen Kappa: 0.6131561587698939
