Test Results: 

Accuracy: 0.8594618055555555
Precision: 0.9233832313251236
Recall: 0.7663402692778458
F1: 0.8375639610715361
Cohen Kappa: 0.7155939084766942
