Test Results: 

Accuracy: 0.7966145833333333
Precision: 0.9054254114778368
Recall: 0.6362913096695226
F1: 0.747367286058297
Cohen Kappa: 0.5856679407163355
