Test Results: 

Accuracy: 0.7039351851851852
Precision: 0.7913962668093932
Recall: 0.6244523042812649
F1: 0.6980820300973738
Cohen Kappa: 0.41546540453088354
