Test Results: 

Accuracy: 0.9517361111111111
Precision: 0.9185870479394449
Recall: 0.9869871679016808
F1: 0.9515595051402683
Cohen Kappa: 0.9035942491171249
