Test Results: 

Accuracy: 0.9455150462962963
Precision: 0.9088232025780643
Recall: 0.9854208084824387
F1: 0.9455733156053994
Cohen Kappa: 0.8912082402359514
