Test Results: 

Accuracy: 0.9327256944444444
Precision: 0.9245479543371385
Recall: 0.9773618145782867
F1: 0.9502215941935898
Cohen Kappa: 0.8467334435706042
