Test Results: 

Accuracy: 0.9432870370370371
Precision: 0.9219948111847794
Recall: 0.9634315320200012
F1: 0.9422578364364836
Cohen Kappa: 0.8865908861347724
