Test Results: 

Accuracy: 0.9445023148148148
Precision: 0.922998656953319
Recall: 0.9988548777802246
F1: 0.9594297317877993
Cohen Kappa: 0.8720566882803732
