Test Results: 

Accuracy: 0.8528935185185185
Precision: 0.8031675197969987
Recall: 0.9691178799556565
F1: 0.8783732057416268
Cohen Kappa: 0.6963557608415476
