Test Results: 

Accuracy: 0.9051215277777778
Precision: 0.8448990160538581
Recall: 0.9828905355744322
F1: 0.9086858447742906
Cohen Kappa: 0.8111175304101932
