Test Results: 

Accuracy: 0.9494791666666667
Precision: 0.9147724099413571
Recall: 0.9867461895294898
F1: 0.949397171342453
Cohen Kappa: 0.8991021540827697
