Test Results: 

Accuracy: 0.9372395833333333
Precision: 0.9128991644729312
Recall: 0.9610217482980903
F1: 0.9363425586241305
Cohen Kappa: 0.8745346784359632
