Test Results: 

Accuracy: 0.8684027777777777
Precision: 0.9076891163047988
Recall: 0.8033659730722155
F1: 0.8523472501785598
Cohen Kappa: 0.7344498121774027
