Test Results: 

Accuracy: 0.8572048611111112
Precision: 0.8041514677783568
Recall: 0.9775642717626564
F1: 0.8824188129899218
Cohen Kappa: 0.704964867843865
