Test Results: 

Accuracy: 0.7425347222222223
Precision: 0.7991542081124546
Recall: 0.7082827429657393
F1: 0.7509795141609762
Cohen Kappa: 0.4864737090450997
