Test Results: 

Accuracy: 0.8987268518518519
Precision: 0.8266094848651074
Recall: 0.9986143743599012
F1: 0.9045072574484339
Cohen Kappa: 0.7987266083453719
