Test Results: 

Accuracy: 0.680324074074074
Precision: 0.9695482997800711
Recall: 0.3452617627567926
F1: 0.5091959129275877
Cohen Kappa: 0.3436292627869181
