Test Results: 

Accuracy: 0.9206062140557746
Precision: 0.9147849263344933
Recall: 0.922089552238806
F1: 0.9184227152785521
Cohen Kappa: 0.8411009698302687
