Test Results: 

Accuracy: 0.7096643518518518
Precision: 0.7909726304788033
Recall: 0.6392334899435148
F1: 0.7070536027093309
Cohen Kappa: 0.42563363555029565
