Test Results: 

Accuracy: 0.9353877314814815
Precision: 0.924237400530504
Recall: 0.9821625192688835
F1: 0.9523199453376892
Cohen Kappa: 0.8524133288455066
