Test Results: 

Accuracy: 0.850462962962963
Precision: 0.802202623842745
Recall: 0.9651586337961252
F1: 0.8761681123304739
Cohen Kappa: 0.6914558716051242
