Test Results: 

Accuracy: 0.8922743055555555
Precision: 0.8313773934527486
Recall: 0.973070666907645
F1: 0.8966608377050546
Cohen Kappa: 0.7855989292423917
