Test Results: 

Accuracy: 0.7089699074074074
Precision: 0.9929163526752073
Recall: 0.3968913789987349
F1: 0.5670999397434794
Cohen Kappa: 0.4034572024071943
