Test Results: 

Accuracy: 0.9247249565720903
Precision: 0.8976992893829593
Recall: 0.9532312289876728
F1: 0.924632219726067
Cohen Kappa: 0.8495847457754424
