Test Results: 

Accuracy: 0.8643518518518518
Precision: 0.8071536306830425
Recall: 0.9887557409069313
F1: 0.8887728955110563
Cohen Kappa: 0.7194458607742729
