Test Results: 

Accuracy: 0.7780960648148149
Precision: 0.8986636971046771
Recall: 0.7463994714820524
F1: 0.815484926497125
Cohen Kappa: 0.5430928560161565
