Test Results: 

Accuracy: 0.8240162037037037
Precision: 0.7812568545733714
Recall: 0.8719094247246022
F1: 0.8240976399814901
Cohen Kappa: 0.6490884851483006
