Test Results: 

Accuracy: 0.93515625
Precision: 0.9109897172236504
Recall: 0.9988989209425236
F1: 0.9529211571185479
Cohen Kappa: 0.8494860106591378
