Test Results: 

Accuracy: 0.827025462962963
Precision: 0.9283942450802051
Recall: 0.6871481028151775
F1: 0.7897587395371738
Cohen Kappa: 0.648309315058009
