Test Results: 

Accuracy: 0.9373263888888889
Precision: 0.9180541420720537
Recall: 0.9932613961682448
F1: 0.9541781256610957
Cohen Kappa: 0.8555315976671439
