Test Results: 

Accuracy: 0.9352430555555555
Precision: 0.9236947791164659
Recall: 0.982602950891874
F1: 0.9522386785607581
Cohen Kappa: 0.8520060904119064
