Test Results: 

Accuracy: 0.8589699074074074
Precision: 0.8029109072901864
Recall: 0.9843213852082563
F1: 0.8844092396717735
Cohen Kappa: 0.7082844179127381
