Test Results: 

Accuracy: 0.9212094907407408
Precision: 0.9249142577168055
Recall: 0.9098138442074823
F1: 0.9173019102863912
Cohen Kappa: 0.8420760996721035
