Test Results: 

Accuracy: 0.9250777801895667
Precision: 0.8953358469487501
Recall: 0.9572974990668159
F1: 0.9252805137641159
Cohen Kappa: 0.8503227941791172
