Test Results: 

Accuracy: 0.7263888888888889
Precision: 0.852807735217553
Recall: 0.6052895528691337
F1: 0.7080400148203038
Cohen Kappa: 0.4642211934017564
