Test Results: 

Accuracy: 0.9534722222222223
Precision: 0.916347275454091
Recall: 0.993855051509127
F1: 0.9535286977631351
Cohen Kappa: 0.9070976324334028
