Test Results: 

Accuracy: 0.8634837962962963
Precision: 0.8067451589252599
Recall: 0.9874887821358813
F1: 0.8880132921908379
Cohen Kappa: 0.7176797737231178
