Test Results: 

Accuracy: 0.9467013888888889
Precision: 0.9154794751956754
Recall: 0.979456593770709
F1: 0.946388031899412
Cohen Kappa: 0.8935191011161983
