Test Results: 

Accuracy: 0.8420138888888888
Precision: 0.7565289484593063
Recall: 0.9895174408096873
F1: 0.8574784651527015
Cohen Kappa: 0.6871889162372471
