Test Results: 

Accuracy: 0.930931712962963
Precision: 0.9102297656159797
Recall: 0.949876498584252
F1: 0.9296306123050618
Cohen Kappa: 0.8618766564183636
