Test Results: 

Accuracy: 0.9537037037037037
Precision: 0.9204462633850984
Recall: 0.9890957286583529
F1: 0.9535369961668021
Cohen Kappa: 0.9075248808592649
