Test Results: 

Accuracy: 0.9534143518518519
Precision: 0.9172651856800846
Recall: 0.9925296704620761
F1: 0.9534143518518519
Cohen Kappa: 0.9069731860862197
