Test Results: 

Accuracy: 0.8096354166666667
Precision: 0.8968002534452717
Recall: 0.6821495270799446
F1: 0.774884516680924
Cohen Kappa: 0.6151863561300845
