Test Results: 

Accuracy: 0.9191840277777777
Precision: 0.9283320923306031
Recall: 0.9013193565877462
F1: 0.9146263182026594
Cohen Kappa: 0.8379378319252946
