Test Results: 

Accuracy: 0.9449652777777777
Precision: 0.9246376811594202
Recall: 0.997533582911253
F1: 0.9597033898305085
Cohen Kappa: 0.8733256114379636
