Test Results: 

Accuracy: 0.6978877314814815
Precision: 0.903367977897645
Recall: 0.6048447478528959
F1: 0.7245627456670273
Cohen Kappa: 0.417757196489965
