Test Results: 

Accuracy: 0.8380787037037037
Precision: 0.9211351520852932
Recall: 0.719094247246022
F1: 0.807671157547429
Cohen Kappa: 0.6714786932269876
