Test Results: 

Accuracy: 0.7519965277777778
Precision: 0.9434866993949081
Recall: 0.5057527539779682
F1: 0.6585122913263477
Cohen Kappa: 0.49032119835646726
