Test Results: 

Accuracy: 0.9314236111111112
Precision: 0.9080547417425854
Recall: 0.9965205901783748
F1: 0.950233085548696
Cohen Kappa: 0.8407513697046101
