Test Results: 

Accuracy: 0.762355324074074
Precision: 0.8979132344865458
Recall: 0.7201497467518168
F1: 0.7992667725772944
Cohen Kappa: 0.5165419277565239
