Test Results: 

Accuracy: 0.8504340277777778
Precision: 0.8348018941437392
Recall: 0.8523255813953489
F1: 0.8434727311267906
Cohen Kappa: 0.7003048142778945
