Test Results: 

Accuracy: 0.85078125
Precision: 0.7994612911634373
Recall: 0.9714406377025814
F1: 0.8771001644384071
Cohen Kappa: 0.6917105082706677
