Test Results: 

Accuracy: 0.9480324074074075
Precision: 0.9148590325654392
Recall: 0.9833122477257666
F1: 0.9478513356562137
Cohen Kappa: 0.8961976245128356
