Test Results: 

Accuracy: 0.5778356481481481
Precision: 0.5322938434335316
Recall: 0.9974697270919934
F1: 0.6941556263625692
Cohen Kappa: 0.181479301741021
