Test Results: 

Accuracy: 0.7252604166666666
Precision: 0.8072720176922076
Recall: 0.6551760544792271
F1: 0.7233149750852347
Cohen Kappa: 0.456292391536523
