Test Results: 

Accuracy: 0.9421585648148149
Precision: 0.9220890410958904
Recall: 0.9961242017176833
F1: 0.9576778946922702
Cohen Kappa: 0.8667734246638743
