Test Results: 

Accuracy: 0.7434895833333334
Precision: 0.9893697798025817
Recall: 0.47099222844749683
F1: 0.6381780335496511
Cohen Kappa: 0.4757668766642157
