Test Results: 

Accuracy: 0.94296875
Precision: 0.9229702162382701
Recall: 0.9963444175291786
F1: 0.9582547919093509
Cohen Kappa: 0.8686889844902557
