Test Results: 

Accuracy: 0.9383391203703704
Precision: 0.9266340411413404
Recall: 0.9840563752477428
F1: 0.9544823461563108
Cohen Kappa: 0.8592016052930623
