Test Results: 

Accuracy: 0.7614004629629629
Precision: 0.7366525909195064
Recall: 0.9911473243778903
F1: 0.8451571712922974
Cohen Kappa: 0.37121787338231316
