Test Results: 

Accuracy: 0.8570601851851852
Precision: 0.7998372660699756
Recall: 0.9859578736208626
F1: 0.8831985624438455
Cohen Kappa: 0.7041160780654638
