Test Results: 

Accuracy: 0.7621238425925926
Precision: 0.8886548587841072
Recall: 0.5680538555691554
F1: 0.6930744819861863
Cohen Kappa: 0.5137858840723064
