Test Results: 

Accuracy: 0.8339699074074074
Precision: 0.9175988656057981
Recall: 0.7128518971848226
F1: 0.8023696355996418
Cohen Kappa: 0.6630756665351399
