Test Results: 

Accuracy: 0.9430844907407407
Precision: 0.9264270439216976
Recall: 0.9921603171107686
F1: 0.9581676272303864
Cohen Kappa: 0.8694850517282889
