Test Results: 

Accuracy: 0.7363425925925926
Precision: 0.9848465224711825
Recall: 0.4580998855352732
F1: 0.625328947368421
Cohen Kappa: 0.4609331046370668
