Test Results: 

Accuracy: 0.794068287037037
Precision: 0.9211030956077071
Recall: 0.6173194614443085
F1: 0.7392180572349859
Cohen Kappa: 0.5797638086344623
