Test Results: 

Accuracy: 0.8170138888888889
Precision: 0.9338936059608387
Recall: 0.6596695226438188
F1: 0.7731870023671185
Cohen Kappa: 0.6272954442609853
