Test Results: 

Accuracy: 0.9256944444444445
Precision: 0.9027561102444098
Recall: 0.9939660867650297
F1: 0.9461680362233776
Cohen Kappa: 0.8271480535476345
