Test Results: 

Accuracy: 0.8641493055555556
Precision: 0.8072808833678399
Recall: 0.9880166816238188
F1: 0.8885512853989128
Cohen Kappa: 0.7190609234887309
