Test Results: 

Accuracy: 0.9418113425925926
Precision: 0.9209519934906428
Recall: 0.9970050649636644
F1: 0.9574706566564449
Cohen Kappa: 0.8658276829864875
