Test Results: 

Accuracy: 0.7258101851851851
Precision: 0.8702964875224908
Recall: 0.587288180330465
F1: 0.7013175313622895
Cohen Kappa: 0.46501916964262613
