Test Results: 

Accuracy: 0.8573206018518519
Precision: 0.8045822102425876
Recall: 0.9769835823259252
F1: 0.8824412921683157
Cohen Kappa: 0.705248097262571
