Test Results: 

Accuracy: 0.9469039351851852
Precision: 0.9032998251748252
Recall: 0.9960841014518947
F1: 0.9474257227172449
Cohen Kappa: 0.8940552926806737
