Test Results: 

Accuracy: 0.9439525462962963
Precision: 0.9227668756615911
Recall: 0.9982382735080378
F1: 0.9590200351196395
Cohen Kappa: 0.8708136115314333
