Test Results: 

Accuracy: 0.9453125
Precision: 0.924259100729689
Recall: 0.9985906188064303
F1: 0.9599881446354475
Cohen Kappa: 0.874029998064697
