Test Results: 

Accuracy: 0.9184606481481481
Precision: 0.8945771058810056
Recall: 0.9411410325923248
F1: 0.9172685103634548
Cohen Kappa: 0.8369893304139466
