Test Results: 

Accuracy: 0.695775462962963
Precision: 0.6681428286455217
Recall: 0.8840732724489258
F1: 0.7610888929285585
Cohen Kappa: 0.3639745040069656
