Test Results: 

Accuracy: 0.8245949074074074
Precision: 0.822113576532531
Recall: 0.8026927784577723
F1: 0.8122871121570571
Cohen Kappa: 0.6477192886167624
