Test Results: 

Accuracy: 0.5758680555555555
Precision: 0.9478168264110756
Recall: 0.10893512851897184
F1: 0.1954111318476232
Cohen Kappa: 0.10851127542635786
