Test Results: 

Accuracy: 0.6948206018518519
Precision: 0.6683779881277073
Recall: 0.8796917066990445
F1: 0.7596125356125355
Cohen Kappa: 0.3624718635669997
