Test Results: 

Accuracy: 0.7391782407407408
Precision: 0.7766817143175612
Recall: 0.7356807263896954
F1: 0.7556254405465489
Cohen Kappa: 0.4764231838932895
