Test Results: 

Accuracy: 0.7627314814814815
Precision: 0.823408995123126
Recall: 0.7219553397033205
F1: 0.7693519351935194
Cohen Kappa: 0.5272297225564564
