Test Results: 

Accuracy: 0.953587962962963
Precision: 0.91402065271412
Recall: 0.9971685041267546
F1: 0.9537858706926357
Cohen Kappa: 0.9073510938013918
