Test Results: 

Accuracy: 0.8641203703703704
Precision: 0.8074051698096923
Recall: 0.9876999419310564
F1: 0.8884984328996106
Cohen Kappa: 0.7190188845302266
