Test Results: 

Accuracy: 0.5744791666666667
Precision: 0.9738979118329466
Recall: 0.10275397796817626
F1: 0.1858945969884854
Cohen Kappa: 0.10513601583459098
