Test Results: 

Accuracy: 0.8621238425925926
Precision: 0.8322521384694873
Recall: 0.8872093023255814
F1: 0.8588524541603719
Cohen Kappa: 0.7243682954714884
