Test Results: 

Accuracy: 0.9324363425925926
Precision: 0.907628271832226
Recall: 0.9988108346179255
F1: 0.9510389801010674
Cohen Kappa: 0.8428744358060674
