Test Results: 

Accuracy: 0.7458622685185186
Precision: 0.8017702269217061
Recall: 0.7125059388692393
F1: 0.7545070855577605
Cohen Kappa: 0.4929839302718475
