Test Results: 

Accuracy: 0.8564525462962963
Precision: 0.7987351508418084
Recall: 0.9867497228527689
F1: 0.8828433108985713
Cohen Kappa: 0.7027708934485858
