Test Results: 

Accuracy: 0.9267939814814815
Precision: 0.9113021107408057
Recall: 0.938972227242605
F1: 0.9249302712005222
Cohen Kappa: 0.8535288360731798
