Test Results: 

Accuracy: 0.8872106481481481
Precision: 0.8110398197580447
Recall: 0.9975902162780891
F1: 0.8946941862978172
Cohen Kappa: 0.7760237156805355
