Test Results: 

Accuracy: 0.7264178240740741
Precision: 0.871479443185497
Recall: 0.49424724602203185
F1: 0.6307650251884251
Cohen Kappa: 0.43867611139157425
