Test Results: 

Accuracy: 0.7596354166666667
Precision: 0.8254589963280293
Recall: 0.7120308293300955
F1: 0.7645608366635489
Cohen Kappa: 0.5217744360521508
