Test Results: 

Accuracy: 0.9422164351851852
Precision: 0.9220953933958418
Recall: 0.9962122880422815
F1: 0.9577220281570868
Cohen Kappa: 0.8669011481014852
