Test Results: 

Accuracy: 0.7315972222222222
Precision: 0.961578672242551
Recall: 0.4503059975520196
F1: 0.6133711237079027
Cohen Kappa: 0.4464156695495961
