Test Results: 

Accuracy: 0.9495659722222223
Precision: 0.9134476232884338
Recall: 0.9886740165070185
F1: 0.9495732677564009
Cohen Kappa: 0.8992895089767707
