Test Results: 

Accuracy: 0.8531828703703703
Precision: 0.8040513877318367
Recall: 0.9680620809797814
F1: 0.8784670658682634
Cohen Kappa: 0.6970400843692104
