Test Results: 

Accuracy: 0.8305555555555556
Precision: 0.9124311565696303
Recall: 0.7097307221542227
F1: 0.7984165232358004
Cohen Kappa: 0.6561645055123536
