Test Results: 

Accuracy: 0.7323495370370371
Precision: 0.7667749215610723
Recall: 0.7353639866969329
F1: 0.7507410401509028
Cohen Kappa: 0.4620415504984312
