Test Results: 

Accuracy: 0.9081597222222222
Precision: 0.8898495795333412
Recall: 0.9195838433292534
F1: 0.9044724011316438
Cohen Kappa: 0.8160913373537915
