Test Results: 

Accuracy: 0.8352430555555556
Precision: 0.7659626359689771
Recall: 0.9460208446291946
F1: 0.846522911051213
Cohen Kappa: 0.6728890649219974
