Test Results: 

Accuracy: 0.7748553240740741
Precision: 0.9421427833453869
Recall: 0.558078335373317
F1: 0.7009493062761827
Cohen Kappa: 0.5386718689151949
