Test Results: 

Accuracy: 0.9360532407407407
Precision: 0.9138898986227231
Recall: 0.9965646333406739
F1: 0.9534383954154728
Cohen Kappa: 0.8519956364663749
