Test Results: 

Accuracy: 0.9171006944444444
Precision: 0.9012035522318299
Recall: 0.9292728477619133
F1: 0.9150229868011271
Cohen Kappa: 0.8341393524527906
