Test Results: 

Accuracy: 0.8399884259259259
Precision: 0.8364247479148512
Recall: 0.8223990208078336
F1: 0.8293525890267234
Cohen Kappa: 0.6787491203777727
