Test Results: 

Accuracy: 0.9440104166666666
Precision: 0.9236354736069184
Recall: 0.9972252807751597
F1: 0.9590207331794405
Cohen Kappa: 0.8710765731541779
