Test Results: 

Accuracy: 0.9424479166666667
Precision: 0.9222584590297594
Recall: 0.9963884606914777
F1: 0.9578913940933629
Cohen Kappa: 0.8674343433018799
