Test Results: 

Accuracy: 0.6112557870370371
Precision: 0.940018176310209
Recall: 0.18990208078335374
F1: 0.3159716918690495
Cohen Kappa: 0.18672208821930947
