Test Results: 

Accuracy: 0.9501446759259259
Precision: 0.9127177893685495
Recall: 0.9909633110428339
F1: 0.9502325178359955
Cohen Kappa: 0.9004578017559943
