Test Results: 

Accuracy: 0.946556712962963
Precision: 0.9250142635911647
Recall: 0.9996916978639067
F1: 0.960904260948712
Cohen Kappa: 0.8768779481046779
