Test Results: 

Accuracy: 0.9450520833333333
Precision: 0.8982876341172645
Recall: 0.998674618952949
F1: 0.9458248937323481
Cohen Kappa: 0.8903976258430195
