Test Results: 

Accuracy: 0.9529224537037037
Precision: 0.9138197899391929
Recall: 0.9959033676727513
F1: 0.9530975237106863
Cohen Kappa: 0.9060185222791736
