Test Results: 

Accuracy: 0.935300925925926
Precision: 0.9278100572670651
Recall: 0.977582030389782
F1: 0.9520459809556489
Cohen Kappa: 0.8528410206995445
