Test Results: 

Accuracy: 0.7537326388888889
Precision: 0.8900069741954767
Recall: 0.5466952264381885
F1: 0.6773325245479015
Cohen Kappa: 0.495972822644561
