Test Results: 

Accuracy: 0.945949074074074
Precision: 0.9061035452390142
Recall: 0.9900596421471173
F1: 0.9462229387379087
Cohen Kappa: 0.8921090233842497
