Test Results: 

Accuracy: 0.7081886574074074
Precision: 0.8860634489569189
Recall: 0.43929008567931455
F1: 0.587373675381531
Cohen Kappa: 0.39901122232792663
