Test Results: 

Accuracy: 0.7282407407407407
Precision: 0.7951665739538909
Recall: 0.6791426912315895
F1: 0.732589260292694
Cohen Kappa: 0.45979394830324893
