Test Results: 

Accuracy: 0.7519675925925926
Precision: 0.9706813650756421
Recall: 0.4986444966564251
F1: 0.6588394491761522
Cohen Kappa: 0.4938307433603364
