Test Results: 

Accuracy: 0.9165219907407407
Precision: 0.8812694814395012
Recall: 0.9516523867809058
F1: 0.9151096071796382
Cohen Kappa: 0.833235599607281
