Test Results: 

Accuracy: 0.7236689814814815
Precision: 0.991767824752337
Recall: 0.42821856738357733
F1: 0.5981654464360852
Cohen Kappa: 0.4342902834388943
