Test Results: 

Accuracy: 0.9430844907407407
Precision: 0.8950323974082074
Recall: 0.9986143743599012
F1: 0.9439904325294001
Cohen Kappa: 0.886489989207957
