Test Results: 

Accuracy: 0.7437789351851852
Precision: 0.8019997605077236
Recall: 0.7071213640922769
F1: 0.7515780614391921
Cohen Kappa: 0.4892021726266479
