Test Results: 

Accuracy: 0.940943287037037
Precision: 0.9175557710960233
Recall: 0.999955956837701
F1: 0.9569853948449916
Cohen Kappa: 0.8633567113072061
