Test Results: 

Accuracy: 0.8503472222222223
Precision: 0.8028057522318484
Recall: 0.9636805152299003
F1: 0.8759176623002735
Cohen Kappa: 0.6913092899327471
