Test Results: 

Accuracy: 0.866550925925926
Precision: 0.9150622876557192
Recall: 0.791187270501836
F1: 0.8486280687934882
Cohen Kappa: 0.7304269798162277
