Test Results: 

Accuracy: 0.9449363425925926
Precision: 0.9245652706343375
Recall: 0.997577626073552
F1: 0.959684765798784
Cohen Kappa: 0.87325106021317
