Test Results: 

Accuracy: 0.8504050925925926
Precision: 0.7903712176354373
Recall: 0.9303549571603427
F1: 0.854669140383426
Cohen Kappa: 0.7026393315615922
