Test Results: 

Accuracy: 0.7967013888888889
Precision: 0.9456459330143541
Recall: 0.6047735618115055
F1: 0.7377379619260918
Cohen Kappa: 0.5844683826514093
