Test Results: 

Accuracy: 0.7225405092592593
Precision: 0.7053996492107242
Recall: 0.9919401012992732
F1: 0.8244833708564422
Cohen Kappa: 0.24384770892562957
