Test Results: 

Accuracy: 0.7588252314814815
Precision: 0.7955203922442612
Recall: 0.7537348888771578
F1: 0.774064134883847
Cohen Kappa: 0.5158492634023675
