Test Results: 

Accuracy: 0.9490162037037037
Precision: 0.9218652260449246
Recall: 0.9766250978974637
F1: 0.9484554177392932
Cohen Kappa: 0.8981032867450951
