Test Results: 

Accuracy: 0.7341724537037037
Precision: 0.7647920964064705
Recall: 0.7437575885551391
F1: 0.7541281948347384
Cohen Kappa: 0.46494182961444186
