Test Results: 

Accuracy: 0.9223668981481481
Precision: 0.8983367817921375
Recall: 0.9943624752257212
F1: 0.9439137069632292
Cohen Kappa: 0.8188984196564627
