Test Results: 

Accuracy: 0.877199074074074
Precision: 0.8745355461976715
Recall: 0.8642594859241126
F1: 0.8693671509480423
Cohen Kappa: 0.7535197956323156
