Test Results: 

Accuracy: 0.6962094907407408
Precision: 0.668207171314741
Recall: 0.8853930211687695
F1: 0.7616193265672184
Cohen Kappa: 0.3647524627115426
