Test Results: 

Accuracy: 0.8963619909502263
Precision: 0.8306811749166614
Recall: 0.9872178203019883
F1: 0.902209925880384
Cohen Kappa: 0.7937042702160659
