Test Results: 

Accuracy: 0.8460069444444445
Precision: 0.9263271939328277
Recall: 0.7325581395348837
F1: 0.8181258970678695
Cohen Kappa: 0.6877298032868244
