Test Results: 

Accuracy: 0.7463541666666667
Precision: 0.7802809143486643
Recall: 0.7478224146122578
F1: 0.7637069383794274
Cohen Kappa: 0.49022410148774187
