Test Results: 

Accuracy: 0.9548611111111112
Precision: 0.9223726338257597
Recall: 0.9892764624374962
F1: 0.9546537991977211
Cohen Kappa: 0.9098297757040759
