Test Results: 

Accuracy: 0.8592013888888889
Precision: 0.8148737650933041
Recall: 0.9086291309669523
F1: 0.8592013888888889
Cohen Kappa: 0.7192336100333242
