Test Results: 

Accuracy: 0.9271701388888889
Precision: 0.872406918476211
Recall: 0.9908812729498164
F1: 0.9278775896157484
Cohen Kappa: 0.8549244021010494
