Test Results: 

Accuracy: 0.7641203703703704
Precision: 0.824502315510916
Recall: 0.7236974080135142
F1: 0.770818105144785
Cohen Kappa: 0.5299502120462825
