Test Results: 

Accuracy: 0.814699074074074
Precision: 0.9339622641509434
Recall: 0.6543451652386781
F1: 0.7695408089822945
Cohen Kappa: 0.6224668759487701
