Test Results: 

Accuracy: 0.7267650462962963
Precision: 0.8549544163802122
Recall: 0.60396980414929
F1: 0.7078731631863882
Cohen Kappa: 0.4651415169151236
