Test Results: 

Accuracy: 0.76015625
Precision: 0.6691775244299675
Recall: 0.990119886740165
F1: 0.7986102674992104
Cohen Kappa: 0.5281467595707521
