Test Results: 

Accuracy: 0.7061342592592592
Precision: 0.9409583571021106
Recall: 0.40379436964504284
F1: 0.565090784515245
Cohen Kappa: 0.3926360341887536
