Test Results: 

Accuracy: 0.8924768518518519
Precision: 0.8328768539093587
Recall: 0.970962106150973
F1: 0.89663421418637
Cohen Kappa: 0.7859646434113516
