Test Results: 

Accuracy: 0.8441550925925926
Precision: 0.799549250961156
Recall: 0.9551285435253127
F1: 0.8704416434138363
Cohen Kappa: 0.6787396891864566
