Test Results: 

Accuracy: 0.7624710648148149
Precision: 0.8122890725008728
Recall: 0.7369476851607454
F1: 0.7727864042735753
Cohen Kappa: 0.5251907014209469
