Test Results: 

Accuracy: 0.8221354166666667
Precision: 0.9077526202096168
Recall: 0.6943696450428397
F1: 0.7868511390824926
Cohen Kappa: 0.6388350172146435
