Test Results: 

Accuracy: 0.86015625
Precision: 0.8048833189282627
Recall: 0.9832127962835876
F1: 0.8851555259843642
Cohen Kappa: 0.7108765483036679
