Test Results: 

Accuracy: 0.9218460648148148
Precision: 0.9233113255459624
Recall: 0.9608456287161418
F1: 0.9417046165799753
Cohen Kappa: 0.8233146893649883
