Test Results: 

Accuracy: 0.8469039351851851
Precision: 0.8012888418079096
Recall: 0.9583487304017315
F1: 0.8728094425346763
Cohen Kappa: 0.6843572604657452
