Test Results: 

Accuracy: 0.7334490740740741
Precision: 0.9036240090600226
Recall: 0.4883108935128519
F1: 0.6340087405641637
Cohen Kappa: 0.4523295971793403
