Test Results: 

Accuracy: 0.858275462962963
Precision: 0.8044656405809668
Recall: 0.9795174998680252
F1: 0.883403161302609
Cohen Kappa: 0.7071145342943039
