Test Results: 

Accuracy: 0.6973379629629629
Precision: 0.8221800227876946
Recall: 0.5713984057435464
F1: 0.6742244923383581
Cohen Kappa: 0.40823786487923086
