Test Results: 

Accuracy: 0.9443865740740741
Precision: 0.9242640754501286
Recall: 0.9970491081259635
F1: 0.9592779355057417
Cohen Kappa: 0.8719989517006681
