Test Results: 

Accuracy: 0.7613425925925926
Precision: 0.832576652776914
Recall: 0.7066990445019269
F1: 0.7644908914396665
Cohen Kappa: 0.5258566322029736
