Test Results: 

Accuracy: 0.7725405092592592
Precision: 0.8099686730812262
Recall: 0.7643456685847014
F1: 0.7864961025557455
Cohen Kappa: 0.5435659612219396
