Test Results: 

Accuracy: 0.8671006944444445
Precision: 0.8473593944053462
Recall: 0.8768665850673195
F1: 0.8618605070829197
Cohen Kappa: 0.7338905935383129
