Test Results: 

Accuracy: 0.9464988425925925
Precision: 0.9110467060528369
Recall: 0.9847581179589132
F1: 0.9464694131611707
Cohen Kappa: 0.8931589930703783
