Test Results: 

Accuracy: 0.9473090277777778
Precision: 0.9052764370337868
Recall: 0.9943370082535092
F1: 0.9477189859607822
Cohen Kappa: 0.8948463634247049
