Test Results: 

Accuracy: 0.729832175925926
Precision: 0.990543096460416
Recall: 0.44171335622627866
F1: 0.6109745427273863
Cohen Kappa: 0.44721094745392076
