Test Results: 

Accuracy: 0.9427083333333334
Precision: 0.9126164267569856
Recall: 0.9739743358033617
F1: 0.9422976044763071
Cohen Kappa: 0.8855302304104589
