Test Results: 

Accuracy: 0.9427083333333334
Precision: 0.9183311394723287
Recall: 0.966684740044581
F1: 0.9418877670814746
Cohen Kappa: 0.8854670802162568
