Test Results: 

Accuracy: 0.9357349537037037
Precision: 0.91442097596504
Recall: 0.9953314247963003
F1: 0.9531622345473334
Cohen Kappa: 0.8513995584835111
