Test Results: 

Accuracy: 0.8125578703703704
Precision: 0.7709936249725214
Recall: 0.8585679314565483
F1: 0.8124276117674311
Cohen Kappa: 0.6261936507995874
