Test Results: 

Accuracy: 0.9506365740740741
Precision: 0.9156108723558631
Recall: 0.9883125489487319
F1: 0.9505736470042878
Cohen Kappa: 0.9014163682180351
