Test Results: 

Accuracy: 0.954369212962963
Precision: 0.9181140057893565
Recall: 0.993614073136936
F1: 0.9543731736249748
Cohen Kappa: 0.908880569337546
